[gd_scene load_steps=5 format=2]

[ext_resource path="res://areas/chunk_content.gd" type="Script" id=1]
[ext_resource path="res://entities/env/stone/rock3.tscn" type="PackedScene" id=2]
[ext_resource path="res://entities/env/stone/rock2.tscn" type="PackedScene" id=3]
[ext_resource path="res://entities/env/stone/rock1.tscn" type="PackedScene" id=4]

[node name="chunk127" type="Spatial"]
script = ExtResource( 1 )

[node name="rock3" parent="." instance=ExtResource( 2 )]
transform = Transform( -0.529797, -0.749615, -0.396727, 0.848125, -0.468261, -0.247823, -2.98023e-08, -0.46777, 0.88385, 15.5071, 162.656, -147.96 )

[node name="rock2" parent="." instance=ExtResource( 3 )]
transform = Transform( 0.940813, 0.338927, 0, -0.338927, 0.940813, 0, 0, 0, 1, 20.7081, 172.38, -176.274 )

[node name="rock4" parent="." instance=ExtResource( 3 )]
transform = Transform( 0.963776, 0.191827, -0.185306, -0.26146, 0.816731, -0.514383, 0.0526725, 0.5442, 0.8373, -5.25886, 172.789, -174.289 )

[node name="rock5" parent="." instance=ExtResource( 2 )]
transform = Transform( -0.53141, 0.0292634, -0.846609, 0.847115, 0.0183575, -0.531093, 3.1665e-08, -0.999403, -0.0345448, -36.9156, 160.449, -155.285 )

[node name="rock6" parent="." instance=ExtResource( 3 )]
transform = Transform( 0.639881, -0.359302, 0.679304, 0.768474, 0.299178, -0.565632, 2.98023e-08, 0.883965, 0.467553, -15.8795, 152.995, -143.973 )

[node name="rock7" parent="." instance=ExtResource( 3 )]
transform = Transform( 1, 0, 0, 0, 1, 0, 0, 0, 1, 0.9632, 145.243, -126.93 )

[node name="rock1" parent="." instance=ExtResource( 4 )]
transform = Transform( 1, 0, 0, 0, 0.963292, 0.268457, 0, -0.268457, 0.963292, -1.05348, 156.316, -134.818 )

[node name="rock8" parent="." instance=ExtResource( 3 )]
transform = Transform( 1, 0, 0, 0, 1, 0, 0, 0, 1, 36.3705, 155.237, -143.915 )

[node name="rock9" parent="." instance=ExtResource( 3 )]
transform = Transform( 0.94679, 0.321851, 0, -0.321851, 0.94679, 0, 0, 0, 1, -3.65245, 166.657, -153.528 )
