[gd_scene load_steps=104 format=2]

[ext_resource path="res://material/env/ancient/gem_emissive.tres" type="Material" id=1]
[ext_resource path="res://_glb/chunks/chunk113.glb" type="PackedScene" id=2]
[ext_resource path="res://areas/chunks/chunk113.gd" type="Script" id=3]
[ext_resource path="res://entities/env/copper/palace2.tscn" type="PackedScene" id=4]
[ext_resource path="res://entities/enemies/deathgnat.tscn" type="PackedScene" id=5]
[ext_resource path="res://entities/env/ancient/target_flower.tscn" type="PackedScene" id=6]
[ext_resource path="res://material/env/water.shader" type="Shader" id=7]
[ext_resource path="res://items/random_ammo_pickup.tscn" type="PackedScene" id=8]
[ext_resource path="res://material/env/wave_noise.png" type="Texture" id=9]
[ext_resource path="res://entities/env/ancient/fountainA_large.tscn" type="PackedScene" id=10]
[ext_resource path="res://items/ammo/pistol_pickup.tscn" type="PackedScene" id=11]
[ext_resource path="res://material/gem_transparent.shader" type="Shader" id=12]
[ext_resource path="res://material/env/transparent.shader" type="Shader" id=13]
[ext_resource path="res://items/coat_pickup.tscn" type="PackedScene" id=14]
[ext_resource path="res://entities/env/ancient/falling_platform.tscn" type="PackedScene" id=15]
[ext_resource path="res://entities/npc/npc_riley.tscn" type="PackedScene" id=16]
[ext_resource path="res://entities/enemies/crawly.tscn" type="PackedScene" id=17]
[ext_resource path="res://entities/control/power_thing.tscn" type="PackedScene" id=18]
[ext_resource path="res://ui/diagetic/dialog_circle.tscn" type="PackedScene" id=19]
[ext_resource path="res://entities/dialog_trigger.gd" type="Script" id=20]
[ext_resource path="res://material/env/ancient/white_metal.material" type="Material" id=21]
[ext_resource path="res://dialog/side_content/get_capacitor.dialog" type="Resource" id=22]
[ext_resource path="res://entities/env/ancient/platform_square.tscn" type="PackedScene" id=23]
[ext_resource path="res://entities/control/sensor.gd" type="Script" id=24]
[ext_resource path="res://material/env/metal/grate1.png" type="Texture" id=25]
[ext_resource path="res://items/item_pickup.tscn" type="PackedScene" id=26]
[ext_resource path="res://ui/items/vis/key_113.tscn" type="PackedScene" id=27]
[ext_resource path="res://entities/control/door.gd" type="Script" id=28]
[ext_resource path="res://entities/control/dswitch_a.tscn" type="PackedScene" id=29]
[ext_resource path="res://entities/save_zone.gd" type="Script" id=30]
[ext_resource path="res://material/water_surface.material" type="Material" id=31]
[ext_resource path="res://management/environment_override.gd" type="Script" id=32]
[ext_resource path="res://entities/control/conditional.gd" type="Script" id=33]
[ext_resource path="res://entities/env/stone/hive_hut_dome_roof.tscn" type="PackedScene" id=34]
[ext_resource path="res://items/bug_pickup.tscn" type="PackedScene" id=35]
[ext_resource path="res://entities/env/stone/hut.tscn" type="PackedScene" id=36]
[ext_resource path="res://entities/env/plants/cactus_round.tscn" type="PackedScene" id=37]
[ext_resource path="res://entities/env/plants/cactus_round_flower.tscn" type="PackedScene" id=38]
[ext_resource path="res://entities/env/stone/fountain.tscn" type="PackedScene" id=39]
[ext_resource path="res://entities/env/stone/ruin2.tscn" type="PackedScene" id=40]
[ext_resource path="res://entities/env/stone/wall1.tscn" type="PackedScene" id=41]
[ext_resource path="res://items/gem_pickup.tscn" type="PackedScene" id=42]
[ext_resource path="res://entities/env/stone/hut_bath.tscn" type="PackedScene" id=43]
[ext_resource path="res://entities/env/copper/light_hang1.tscn" type="PackedScene" id=44]
[ext_resource path="res://entities/env/furniture/bed_native.tscn" type="PackedScene" id=45]
[ext_resource path="res://entities/env/electrical/wind_generator.tscn" type="PackedScene" id=46]
[ext_resource path="res://entities/env/furniture/carpet.tscn" type="PackedScene" id=47]
[ext_resource path="res://entities/env/stone/rock1.tscn" type="PackedScene" id=48]
[ext_resource path="res://entities/env/stone/rock3.tscn" type="PackedScene" id=49]
[ext_resource path="res://entities/env/stone/rock2.tscn" type="PackedScene" id=50]
[ext_resource path="res://entities/env/stone/rock4.tscn" type="PackedScene" id=51]
[ext_resource path="res://entities/env/furniture/sitting_pillow.tscn" type="PackedScene" id=52]
[ext_resource path="res://entities/npc/npc.tscn" type="PackedScene" id=53]
[ext_resource path="res://material/env/copper/copper_corroded.material" type="Material" id=54]
[ext_resource path="res://entities/env/electrical/outlet_box.tscn" type="PackedScene" id=55]
[ext_resource path="res://entities/env/electrical/charger.tscn" type="PackedScene" id=56]
[ext_resource path="res://entities/env/electrical/phone.tscn" type="PackedScene" id=57]
[ext_resource path="res://material/env/ancient/white_metal_interior.material" type="Material" id=58]

[sub_resource type="ShaderMaterial" id=284]
shader = ExtResource( 13 )
shader_param/subsurface_scattering = -1.0
shader_param/softness = 1.0
shader_param/specularity = 1.0
shader_param/alpha_clip = 0.75
shader_param/main_texture = ExtResource( 25 )

[sub_resource type="ShaderMaterial" id=282]
shader = ExtResource( 12 )
shader_param/albedo = Color( 0.827451, 0.705882, 0.788235, 1 )
shader_param/refraction = 0.01
shader_param/brightness = null

[sub_resource type="ShaderMaterial" id=283]
shader = ExtResource( 7 )
shader_param/surface_albedo = Color( 0.615686, 0.862745, 0.709804, 1 )
shader_param/deep_albedo = Color( 0, 0, 0, 1 )
shader_param/max_depth = 2.5
shader_param/foam_color = Color( 0.796078, 0.733333, 0.733333, 0.788235 )
shader_param/refraction = 0.004
shader_param/foam_distance = 0.974
shader_param/foam_noise_scale = 0.69
shader_param/foam_noise_scale2 = 0.2
shader_param/foam_noise = ExtResource( 9 )

[sub_resource type="ShaderMaterial" id=285]
shader = ExtResource( 7 )
shader_param/surface_albedo = Color( 0.580392, 0.658824, 0.501961, 1 )
shader_param/deep_albedo = Color( 0.341176, 0.435294, 0.341176, 1 )
shader_param/max_depth = 0.493
shader_param/foam_color = null
shader_param/refraction = 0.004
shader_param/foam_distance = 0.424
shader_param/foam_noise_scale = 0.587
shader_param/foam_noise_scale2 = 0.15
shader_param/foam_noise = ExtResource( 9 )

[sub_resource type="ConvexPolygonShape" id=309]
points = PoolVector3Array( -36.7409, -119.589, -5.09655, -2.91819, -119.589, -29.7164, -12.1253, -119.589, 28.735, -17.243, 13.5158, 23.0993, -23.1043, 15.5144, 15.0491, -36.7409, 34.4768, -5.09655, 35.5635, -119.589, -2.01263, -2.91819, 43.7341, -29.7164, 44.0666, -119.589, 4.10944, -12.1253, 25.2034, 28.735, -17.243, 26.8822, 23.0993, -23.1043, 29.0886, 15.0491, 35.5635, 36.1556, -2.01263, 44.0666, 34.4768, 4.10944 )

[sub_resource type="Animation" id=304]
resource_name = "Activate"
length = 3.0
tracks/0/type = "value"
tracks/0/path = NodePath("interior/vent_exterior/grate_above_entry-kine:transform")
tracks/0/interp = 1
tracks/0/loop_wrap = true
tracks/0/imported = false
tracks/0/enabled = true
tracks/0/keys = {
"times": PoolRealArray( 0, 1.9, 3 ),
"transitions": PoolRealArray( 1, 1, 1 ),
"update": 0,
"values": [ Transform( 0.81822, -0.0166201, -0.68974, 0.00763203, 1.13241, -0.0163778, 0.628496, 0.00788602, 0.898151, -0.0151825, 6.07217, 0.0132446 ), Transform( 0.558207, 0.639145, -0.706214, -0.755394, 0.771156, -0.0215131, 0.427006, 0.528685, 0.885146, -0.29261, 5.38704, -0.209858 ), Transform( 0.221811, 0.84361, -0.715354, -0.994507, 0.301182, -0.0163778, 0.162191, 0.693042, 0.877887, -0.580681, 5.17268, -0.443493 ) ]
}
tracks/1/type = "value"
tracks/1/path = NodePath("interior/vent_exterior/grate_near_entry-kine:transform")
tracks/1/interp = 1
tracks/1/loop_wrap = true
tracks/1/imported = false
tracks/1/enabled = true
tracks/1/keys = {
"times": PoolRealArray( 0, 3 ),
"transitions": PoolRealArray( 1, 1 ),
"update": 0,
"values": [ Transform( -0.00575895, 0.896539, -0.692004, -1.03174, -0.00192567, 0.00785094, 0.00458977, 0.692033, 0.896523, -2.34146, -7.86294, -1.89767 ), Transform( -0.00575894, 0.900469, 0.686883, -1.03174, -0.00808179, 0.000171851, 0.00458976, -0.686867, 0.900487, -3.20608, -7.85689, -1.62314 ) ]
}
tracks/2/type = "value"
tracks/2/path = NodePath("interior/walls3/door_big-kine:translation")
tracks/2/interp = 1
tracks/2/loop_wrap = true
tracks/2/imported = false
tracks/2/enabled = true
tracks/2/keys = {
"times": PoolRealArray( 0, 3 ),
"transitions": PoolRealArray( 1, 1 ),
"update": 0,
"values": [ Vector3( 21.0846, 31.43, -7.66545 ), Vector3( 21.0846, 24.43, -7.66545 ) ]
}

[sub_resource type="Animation" id=305]
length = 0.001
tracks/0/type = "value"
tracks/0/path = NodePath("interior/vent_exterior/grate_above_entry-kine:transform")
tracks/0/interp = 1
tracks/0/loop_wrap = true
tracks/0/imported = false
tracks/0/enabled = true
tracks/0/keys = {
"times": PoolRealArray( 0 ),
"transitions": PoolRealArray( 1 ),
"update": 0,
"values": [ Transform( 0.81822, -0.0166201, -0.68974, 0.00763203, 1.13241, -0.0163778, 0.628496, 0.00788602, 0.898151, -0.0151825, 6.07217, 0.0132446 ) ]
}
tracks/1/type = "value"
tracks/1/path = NodePath("interior/vent_exterior/grate_near_entry-kine:transform")
tracks/1/interp = 1
tracks/1/loop_wrap = true
tracks/1/imported = false
tracks/1/enabled = true
tracks/1/keys = {
"times": PoolRealArray( 0 ),
"transitions": PoolRealArray( 1 ),
"update": 0,
"values": [ Transform( -0.00575895, 0.896539, -0.692004, -1.03174, -0.00192567, 0.00785094, 0.00458977, 0.692033, 0.896523, -2.34146, -7.86294, -1.89767 ) ]
}
tracks/2/type = "value"
tracks/2/path = NodePath("interior/walls3/door_big-kine:translation")
tracks/2/interp = 1
tracks/2/loop_wrap = true
tracks/2/imported = false
tracks/2/enabled = true
tracks/2/keys = {
"times": PoolRealArray( 0 ),
"transitions": PoolRealArray( 1 ),
"update": 0,
"values": [ Vector3( 21.0846, 31.43, -7.66545 ) ]
}

[sub_resource type="Animation" id=1]
resource_name = "Activate"
length = 3.0
tracks/0/type = "value"
tracks/0/path = NodePath("platform_square4:transform")
tracks/0/interp = 1
tracks/0/loop_wrap = true
tracks/0/imported = false
tracks/0/enabled = true
tracks/0/keys = {
"times": PoolRealArray( 0, 3 ),
"transitions": PoolRealArray( 1, 1 ),
"update": 0,
"values": [ Transform( 0.674898, -0.737911, -3.22551e-08, 0, -4.37114e-08, 1, -0.737911, -0.674898, -2.95007e-08, 15.7408, 7.09093, 19.0234 ), Transform( 0.674898, -8.29225e-15, 0.737911, 0, 1, 1.12375e-14, -0.737911, -7.58415e-15, 0.674898, 10.7645, 4.09093, 18.5375 ) ]
}
tracks/1/type = "value"
tracks/1/path = NodePath("platform_square3:transform")
tracks/1/interp = 1
tracks/1/loop_wrap = true
tracks/1/imported = false
tracks/1/enabled = true
tracks/1/keys = {
"times": PoolRealArray( 0, 3 ),
"transitions": PoolRealArray( 0.732043, 1 ),
"update": 0,
"values": [ Transform( 0.674898, -0.737911, -3.22551e-08, 0, -4.37114e-08, 1, -0.737911, -0.674898, -2.95007e-08, 18.9046, 7.09093, 15.5641 ), Transform( 0.674898, -8.29225e-15, 0.737911, 0, 1, 1.12375e-14, -0.737911, -7.58415e-15, 0.674898, 15.2781, 4.09093, 13.6024 ) ]
}
tracks/2/type = "value"
tracks/2/path = NodePath("platform_square2:transform")
tracks/2/interp = 1
tracks/2/loop_wrap = true
tracks/2/imported = false
tracks/2/enabled = true
tracks/2/keys = {
"times": PoolRealArray( 0, 3 ),
"transitions": PoolRealArray( 0.535887, 1 ),
"update": 0,
"values": [ Transform( 0.674898, -0.737911, -3.22551e-08, 0, -4.37114e-08, 1, -0.737911, -0.674898, -2.95007e-08, 21.8865, 7.09093, 12.3038 ), Transform( 0.674898, -8.29225e-15, 0.737911, 0, 1, 1.12375e-14, -0.737911, -7.58415e-15, 0.674898, 19.6097, 4.09093, 8.86629 ) ]
}
tracks/3/type = "value"
tracks/3/path = NodePath("platform_square:transform")
tracks/3/interp = 1
tracks/3/loop_wrap = true
tracks/3/imported = false
tracks/3/enabled = true
tracks/3/keys = {
"times": PoolRealArray( 0, 3 ),
"transitions": PoolRealArray( 0.366021, 1 ),
"update": 0,
"values": [ Transform( 0.674898, -0.737911, -3.22551e-08, 0, -4.37114e-08, 1, -0.737911, -0.674898, -2.95007e-08, 24.7711, 7.09093, 9.14988 ), Transform( 0.674898, -8.29225e-15, 0.737911, 0, 1, 1.12375e-14, -0.737911, -7.58415e-15, 0.674898, 24.5191, 4.09093, 3.49864 ) ]
}

[sub_resource type="Animation" id=2]
length = 0.001
tracks/0/type = "value"
tracks/0/path = NodePath("platform_square:transform")
tracks/0/interp = 1
tracks/0/loop_wrap = true
tracks/0/imported = false
tracks/0/enabled = true
tracks/0/keys = {
"times": PoolRealArray( 0 ),
"transitions": PoolRealArray( 1 ),
"update": 0,
"values": [ Transform( 0.674898, -0.737911, -3.22551e-08, 0, -4.37114e-08, 1, -0.737911, -0.674898, -2.95007e-08, 24.7711, 7.09093, 9.14988 ) ]
}
tracks/1/type = "value"
tracks/1/path = NodePath("platform_square2:transform")
tracks/1/interp = 1
tracks/1/loop_wrap = true
tracks/1/imported = false
tracks/1/enabled = true
tracks/1/keys = {
"times": PoolRealArray( 0 ),
"transitions": PoolRealArray( 1 ),
"update": 0,
"values": [ Transform( 0.674898, -0.737911, -3.22551e-08, 0, -4.37114e-08, 1, -0.737911, -0.674898, -2.95007e-08, 21.8865, 7.09093, 12.3038 ) ]
}
tracks/2/type = "value"
tracks/2/path = NodePath("platform_square3:transform")
tracks/2/interp = 1
tracks/2/loop_wrap = true
tracks/2/imported = false
tracks/2/enabled = true
tracks/2/keys = {
"times": PoolRealArray( 0 ),
"transitions": PoolRealArray( 1 ),
"update": 0,
"values": [ Transform( 0.674898, -0.737911, -3.22551e-08, 0, -4.37114e-08, 1, -0.737911, -0.674898, -2.95007e-08, 18.9046, 7.09093, 15.5641 ) ]
}
tracks/3/type = "value"
tracks/3/path = NodePath("platform_square4:transform")
tracks/3/interp = 1
tracks/3/loop_wrap = true
tracks/3/imported = false
tracks/3/enabled = true
tracks/3/keys = {
"times": PoolRealArray( 0 ),
"transitions": PoolRealArray( 1 ),
"update": 0,
"values": [ Transform( 0.674898, -0.737911, -3.22551e-08, 0, -4.37114e-08, 1, -0.737911, -0.674898, -2.95007e-08, 15.7408, 7.09093, 19.0234 ) ]
}

[sub_resource type="Animation" id=3]
resource_name = "Activate"
length = 2.5
tracks/0/type = "value"
tracks/0/path = NodePath("platform_square5:transform")
tracks/0/interp = 1
tracks/0/loop_wrap = true
tracks/0/imported = false
tracks/0/enabled = true
tracks/0/keys = {
"times": PoolRealArray( 0, 0.5, 1.5, 2.5 ),
"transitions": PoolRealArray( 0.574349, 1.68179, 0.574349, 1 ),
"update": 0,
"values": [ Transform( -3.30373e-08, -0.705686, -0.708525, 1, -4.37114e-08, -3.09202e-09, -2.87886e-08, -0.708525, 0.705686, -2.71951, -2.14011, 23.434 ), Transform( -3.30373e-08, -0.705686, -0.708525, 1, -4.37114e-08, -3.09202e-09, -2.87886e-08, -0.708525, 0.705686, -3.18066, -2.14011, 22.971 ), Transform( -1.19209e-07, -0.705686, -0.708525, 1, -1.19209e-07, -2.98023e-08, -2.98023e-08, -0.708525, 0.705686, -3.18066, -0.454784, 22.971 ), Transform( -3.30373e-08, -0.705686, -0.708525, 1, -4.37114e-08, -3.09202e-09, -2.87886e-08, -0.708525, 0.705686, -3.18066, 1.88093, 22.971 ) ]
}
tracks/1/type = "value"
tracks/1/path = NodePath("platform_square11:transform")
tracks/1/interp = 1
tracks/1/loop_wrap = true
tracks/1/imported = false
tracks/1/enabled = true
tracks/1/keys = {
"times": PoolRealArray( 0, 1.2, 2.5 ),
"transitions": PoolRealArray( 1.86607, 0.594603, 1 ),
"update": 0,
"values": [ Transform( -0.705686, 1.08746e-07, -0.708525, -1.50996e-07, -1, -3.09204e-09, -0.708525, 1.04802e-07, 0.705686, -8.67796, 5.77403, 24.7055 ), Transform( -0.705686, 1.08746e-07, -0.708525, -1.50996e-07, -1, -3.09205e-09, -0.708525, 1.04802e-07, 0.705686, -8.67796, 3.20241, 24.7055 ), Transform( -0.705686, 1.08746e-07, -0.708525, -1.50996e-07, -1, -3.09204e-09, -0.708525, 1.04802e-07, 0.705686, -8.67796, -0.408592, 24.7055 ) ]
}

[sub_resource type="Animation" id=4]
length = 0.001
tracks/0/type = "value"
tracks/0/path = NodePath("platform_square5:transform")
tracks/0/interp = 1
tracks/0/loop_wrap = true
tracks/0/imported = false
tracks/0/enabled = true
tracks/0/keys = {
"times": PoolRealArray( 0 ),
"transitions": PoolRealArray( 1 ),
"update": 0,
"values": [ Transform( -3.30373e-08, -0.705686, -0.708525, 1, -4.37114e-08, -3.09202e-09, -2.87886e-08, -0.708525, 0.705686, -2.71951, -2.14011, 23.434 ) ]
}
tracks/1/type = "value"
tracks/1/path = NodePath("platform_square11:transform")
tracks/1/interp = 1
tracks/1/loop_wrap = true
tracks/1/imported = false
tracks/1/enabled = true
tracks/1/keys = {
"times": PoolRealArray( 0 ),
"transitions": PoolRealArray( 1 ),
"update": 0,
"values": [ Transform( -0.705686, 1.08746e-07, -0.708525, -1.50996e-07, -1, -3.09204e-09, -0.708525, 1.04802e-07, 0.705686, -8.67796, 5.77403, 24.7055 ) ]
}

[sub_resource type="Animation" id=10]
resource_name = "Activate"
length = 3.0
tracks/0/type = "value"
tracks/0/path = NodePath("../platform_square6:transform")
tracks/0/interp = 1
tracks/0/loop_wrap = true
tracks/0/imported = false
tracks/0/enabled = true
tracks/0/keys = {
"times": PoolRealArray( 0, 1.5, 3 ),
"transitions": PoolRealArray( 2, 0.554785, 1 ),
"update": 0,
"values": [ Transform( -6.04459e-08, 0.839535, -0.543306, -1, -4.37114e-08, 4.37114e-08, 1.29486e-08, 0.543306, 0.839535, -25.3636, 9.40149, -0.878399 ), Transform( 0.593641, 0.593641, -0.543306, -0.707107, 0.707107, 4.47035e-08, 0.384175, 0.384175, 0.839535, -21.048, 7.70074, -1.25379 ), Transform( 0.839535, 0, -0.543306, 0, 1, 0, 0.543306, 0, 0.839535, -16.7325, 6, -1.62919 ) ]
}
tracks/1/type = "value"
tracks/1/path = NodePath("../platform_square7:transform")
tracks/1/interp = 1
tracks/1/loop_wrap = true
tracks/1/imported = false
tracks/1/enabled = true
tracks/1/keys = {
"times": PoolRealArray( 0, 1.5, 3 ),
"transitions": PoolRealArray( 2, 0.554785, 1 ),
"update": 0,
"values": [ Transform( -1.12666e-07, 0.839535, -0.543306, -1, -4.37114e-08, 1.39827e-07, 9.36413e-08, 0.543306, 0.839535, -29.5415, 9.40149, 5.83548 ), Transform( 0.593641, 0.593641, -0.543306, -0.707107, 0.707107, 1.79574e-07, 0.384175, 0.384175, 0.839535, -25.8289, 7.70074, 4.89182 ), Transform( 0.839535, 0, -0.543306, 0, 1, 0, 0.543306, 0, 0.839535, -22.1163, 6, 3.94816 ) ]
}
tracks/2/type = "value"
tracks/2/path = NodePath("../platform_square8:transform")
tracks/2/interp = 1
tracks/2/loop_wrap = true
tracks/2/imported = false
tracks/2/enabled = true
tracks/2/keys = {
"times": PoolRealArray( 0, 1.5, 3 ),
"transitions": PoolRealArray( 2, 0.554785, 1 ),
"update": 0,
"values": [ Transform( -1.19209e-07, 0.543306, 0.839535, -1, -1.19209e-07, 0, 8.9407e-08, -0.839535, 0.543306, -24.2988, 9.40149, 16.3752 ), Transform( 0.384175, 0.384175, 0.839535, -0.707107, 0.707107, 2.98023e-08, -0.593641, -0.593641, 0.543306, -23.5084, 7.70074, 13.3133 ), Transform( 0.543306, 0, 0.839535, 0, 1, 0, -0.839535, 0, 0.543306, -19.3598, 6, 12.4246 ) ]
}
tracks/3/type = "value"
tracks/3/path = NodePath(".:transform")
tracks/3/interp = 1
tracks/3/loop_wrap = true
tracks/3/imported = false
tracks/3/enabled = true
tracks/3/keys = {
"times": PoolRealArray( 0, 1.5, 3 ),
"transitions": PoolRealArray( 2, 0.554, 1 ),
"update": 0,
"values": [ Transform( -1.19209e-07, 0.543306, 0.839535, -1, -1.19209e-07, 0, 8.9407e-08, -0.839535, 0.543306, -20.5976, 9.40149, 18.7704 ), Transform( 0.384175, 0.384175, 0.839535, -0.707107, 0.707107, -2.98023e-08, -0.593641, -0.593641, 0.543306, -19.042, 7.70074, 16.3665 ), Transform( 0.543306, 0, 0.839535, 0, 1, 0, -0.839535, 0, 0.543306, -14.1283, 6, 16.1359 ) ]
}

[sub_resource type="Animation" id=11]
length = 0.001
tracks/0/type = "value"
tracks/0/path = NodePath("../platform_square6:transform")
tracks/0/interp = 1
tracks/0/loop_wrap = true
tracks/0/imported = false
tracks/0/enabled = true
tracks/0/keys = {
"times": PoolRealArray( 0 ),
"transitions": PoolRealArray( 1 ),
"update": 0,
"values": [ Transform( -6.04459e-08, 0.839535, -0.543306, -1, -4.37114e-08, 4.37114e-08, 1.29486e-08, 0.543306, 0.839535, -25.3636, 9.40149, -0.878399 ) ]
}
tracks/1/type = "value"
tracks/1/path = NodePath("../platform_square7:transform")
tracks/1/interp = 1
tracks/1/loop_wrap = true
tracks/1/imported = false
tracks/1/enabled = true
tracks/1/keys = {
"times": PoolRealArray( 0 ),
"transitions": PoolRealArray( 1 ),
"update": 0,
"values": [ Transform( -2.38419e-07, 0.839535, -0.543306, -1, -1.19209e-07, 1.78814e-07, 5.96046e-08, 0.543306, 0.839535, -29.5415, 9.40149, 5.83548 ) ]
}
tracks/2/type = "value"
tracks/2/path = NodePath("../platform_square8:transform")
tracks/2/interp = 1
tracks/2/loop_wrap = true
tracks/2/imported = false
tracks/2/enabled = true
tracks/2/keys = {
"times": PoolRealArray( 0 ),
"transitions": PoolRealArray( 1 ),
"update": 0,
"values": [ Transform( -2.84932e-08, 0.543306, 0.839535, -1, -4.37114e-08, -5.65141e-09, 3.36268e-08, -0.839535, 0.543306, -24.2988, 9.40149, 16.3752 ) ]
}
tracks/3/type = "value"
tracks/3/path = NodePath(".:transform")
tracks/3/interp = 1
tracks/3/loop_wrap = true
tracks/3/imported = false
tracks/3/enabled = true
tracks/3/keys = {
"times": PoolRealArray( 0 ),
"transitions": PoolRealArray( 1 ),
"update": 0,
"values": [ Transform( -1.19209e-07, 0.543306, 0.839535, -1, -1.19209e-07, 0, 8.9407e-08, -0.839535, 0.543306, -20.5976, 9.40149, 18.7704 ) ]
}

[sub_resource type="Animation" id=13]
resource_name = "Activate"
length = 3.0
tracks/0/type = "value"
tracks/0/path = NodePath("../platform_square10:translation")
tracks/0/interp = 1
tracks/0/loop_wrap = true
tracks/0/imported = false
tracks/0/enabled = true
tracks/0/keys = {
"times": PoolRealArray( 0, 1.5, 3 ),
"transitions": PoolRealArray( 2.07053, 0.34151, 1 ),
"update": 0,
"values": [ Vector3( 8.23931, -3.76606, -15.9149 ), Vector3( 8.23931, 1.86679, -15.9149 ), Vector3( 8.23931, 6.78014, -15.9149 ) ]
}

[sub_resource type="Animation" id=14]
length = 0.001
tracks/0/type = "value"
tracks/0/path = NodePath("../platform_square10:translation")
tracks/0/interp = 1
tracks/0/loop_wrap = true
tracks/0/imported = false
tracks/0/enabled = true
tracks/0/keys = {
"times": PoolRealArray( 0 ),
"transitions": PoolRealArray( 1 ),
"update": 0,
"values": [ Vector3( 8.23931, -3.76606, -15.9149 ) ]
}

[sub_resource type="Animation" id=271]
resource_name = "Activate"
length = 3.0
tracks/0/type = "value"
tracks/0/path = NodePath("../platform_square:transform")
tracks/0/interp = 2
tracks/0/loop_wrap = true
tracks/0/imported = false
tracks/0/enabled = true
tracks/0/keys = {
"times": PoolRealArray( 0, 1.5, 3 ),
"transitions": PoolRealArray( 3.13834, 0.34151, 1 ),
"update": 0,
"values": [ Transform( 0.968241, 0, -0.25002, 0, 1, 0, 0.25002, 0, 0.968241, 14.2202, -3.26863, -11.0698 ), Transform( 0.964141, 0, -0.26539, 0, 1, 0, 0.26539, 0, 0.964141, 14.0163, -1.99101, -11.2113 ), Transform( 0.959798, 0, -0.280692, 0, 1, 0, 0.280692, 0, 0.959798, 13.8124, -0.71339, -11.3527 ) ]
}
tracks/1/type = "value"
tracks/1/path = NodePath("../platform_square2:transform")
tracks/1/interp = 2
tracks/1/loop_wrap = true
tracks/1/imported = false
tracks/1/enabled = true
tracks/1/keys = {
"times": PoolRealArray( 0, 1.5, 3 ),
"transitions": PoolRealArray( 2, 0.482968, 1 ),
"update": 0,
"values": [ Transform( 0.968241, 0, -0.25002, 0, 1, 0, 0.25002, 0, 0.968241, 14.1754, -2.45384, -11.0329 ), Transform( 0.964141, 0, -0.26539, 0, 1, 0, 0.26539, 0, 0.964141, 12.6417, -0.194879, -9.91421 ), Transform( 0.959798, 0, -0.280692, 0, 1, 0, 0.280692, 0, 0.959798, 11.108, 2.06408, -8.79552 ) ]
}
tracks/2/type = "value"
tracks/2/path = NodePath("../platform_square3:transform")
tracks/2/interp = 1
tracks/2/loop_wrap = true
tracks/2/imported = false
tracks/2/enabled = true
tracks/2/keys = {
"times": PoolRealArray( 0, 1.5, 3 ),
"transitions": PoolRealArray( 1.56917, 0.68302, 1 ),
"update": 0,
"values": [ Transform( 0.968241, 0, -0.25002, 0, 1, 0, 0.25002, 0, 0.968241, 14.1754, -1.62129, -11.0329 ), Transform( 0.964141, 0, -0.26539, 0, 1, 0, 0.26539, 0, 0.964141, 11.4215, 1.32118, -11.9201 ), Transform( 0.959798, 0, -0.280692, 0, 1, 0, 0.280692, 0, 0.959798, 8.66766, 4.26364, -12.8073 ) ]
}

[sub_resource type="Animation" id=272]
length = 0.001
tracks/0/type = "value"
tracks/0/path = NodePath("../platform_square:transform")
tracks/0/interp = 1
tracks/0/loop_wrap = true
tracks/0/imported = false
tracks/0/enabled = true
tracks/0/keys = {
"times": PoolRealArray( 0 ),
"transitions": PoolRealArray( 1 ),
"update": 0,
"values": [ Transform( 0.968241, 0, -0.25002, 0, 1, 0, 0.25002, 0, 0.968241, 14.2202, -3.26863, -11.0698 ) ]
}
tracks/1/type = "value"
tracks/1/path = NodePath("../platform_square2:transform")
tracks/1/interp = 1
tracks/1/loop_wrap = true
tracks/1/imported = false
tracks/1/enabled = true
tracks/1/keys = {
"times": PoolRealArray( 0 ),
"transitions": PoolRealArray( 1 ),
"update": 0,
"values": [ Transform( 0.968241, 0, -0.25002, 0, 1, 0, 0.25002, 0, 0.968241, 14.1754, -2.45384, -11.0329 ) ]
}
tracks/2/type = "value"
tracks/2/path = NodePath("../platform_square3:transform")
tracks/2/interp = 1
tracks/2/loop_wrap = true
tracks/2/imported = false
tracks/2/enabled = true
tracks/2/keys = {
"times": PoolRealArray( 0 ),
"transitions": PoolRealArray( 1 ),
"update": 0,
"values": [ Transform( 0.968241, 0, -0.25002, 0, 1, 0, 0.25002, 0, 0.968241, 14.1754, -1.62129, -11.0329 ) ]
}

[sub_resource type="Animation" id=273]
resource_name = "Activate"
length = 7.0
tracks/0/type = "value"
tracks/0/path = NodePath(".:transform")
tracks/0/interp = 1
tracks/0/loop_wrap = true
tracks/0/imported = false
tracks/0/enabled = true
tracks/0/keys = {
"times": PoolRealArray( 0, 1.5, 7 ),
"transitions": PoolRealArray( 0.68302, 1.41421, 1 ),
"update": 0,
"values": [ Transform( 0.978906, -0.204312, 8.93074e-09, 0, -4.37114e-08, -1, 0.204312, 0.978906, -4.27893e-08, 7.91618, 10.5712, -21.8461 ), Transform( 0.964232, 0, -0.265059, 0, 1, 0, 0.265059, 0, 0.964232, 6.13142, 6, -16.8339 ), Transform( 0.870295, 0, -0.49253, 0, 1, 0, 0.49253, 0, 0.870295, -4.63303, 6.58539, 18.1473 ) ]
}

[sub_resource type="Animation" id=274]
length = 0.001
tracks/0/type = "value"
tracks/0/path = NodePath(".:transform")
tracks/0/interp = 1
tracks/0/loop_wrap = true
tracks/0/imported = false
tracks/0/enabled = true
tracks/0/keys = {
"times": PoolRealArray( 0 ),
"transitions": PoolRealArray( 1 ),
"update": 0,
"values": [ Transform( 0.978906, -0.204312, 8.93074e-09, 0, -4.37114e-08, -1, 0.204312, 0.978906, -4.27893e-08, 7.91618, 10.5712, -21.8461 ) ]
}

[sub_resource type="Animation" id=275]
resource_name = "Activate"
length = 3.0
tracks/0/type = "value"
tracks/0/path = NodePath(".:transform")
tracks/0/interp = 1
tracks/0/loop_wrap = true
tracks/0/imported = false
tracks/0/enabled = true
tracks/0/keys = {
"times": PoolRealArray( 0, 1, 2, 3 ),
"transitions": PoolRealArray( 0.554785, 2.14355, 0.406126, 1 ),
"update": 0,
"values": [ Transform( 0.868925, 0.494943, 2.16347e-08, 0, -4.37114e-08, 1, 0.494943, -0.868925, -3.79819e-08, -25.0645, 7.71275, 2.30972 ), Transform( 0.868925, 0.494943, 4.47035e-08, 0, -1.19209e-07, 1, 0.494943, -0.868925, -1.19209e-07, -19.851, 7.71275, 5.27937 ), Transform( 0.868925, 0.356552, -0.343278, -1.49012e-08, 0.69357, 0.720389, 0.494943, -0.625964, 0.60266, -19.8954, 7.71275, 8.01368 ), Transform( 0.868925, -1.96306e-15, -0.494943, 0, 1, -3.96624e-15, 0.494943, 3.44636e-15, 0.868925, -19.9421, 7.71275, 10.8833 ) ]
}

[sub_resource type="Animation" id=276]
length = 0.001
tracks/0/type = "value"
tracks/0/path = NodePath(".:transform")
tracks/0/interp = 1
tracks/0/loop_wrap = true
tracks/0/imported = false
tracks/0/enabled = true
tracks/0/keys = {
"times": PoolRealArray( 0 ),
"transitions": PoolRealArray( 1 ),
"update": 0,
"values": [ Transform( 0.868925, 0.494943, 2.16347e-08, 0, -4.37114e-08, 1, 0.494943, -0.868925, -3.79819e-08, -25.0645, 7.71275, 2.30972 ) ]
}

[sub_resource type="Animation" id=277]
resource_name = "Activate"
length = 2.0
tracks/0/type = "value"
tracks/0/path = NodePath("../platform_square6:transform")
tracks/0/interp = 1
tracks/0/loop_wrap = true
tracks/0/imported = false
tracks/0/enabled = true
tracks/0/keys = {
"times": PoolRealArray( 0, 2 ),
"transitions": PoolRealArray( 1, 1 ),
"update": 0,
"values": [ Transform( -3.74119e-08, 0.876691, -0.481054, -1, -4.37114e-08, -1.8905e-09, -2.26849e-08, 0.481054, 0.876691, 4.88322, 12, 15.2997 ), Transform( 0.810809, 2.02305e-08, -0.585311, -2.98023e-08, 1, -6.72036e-09, 0.585311, 2.28926e-08, 0.810809, 9.66218, 7.5, 18.7585 ) ]
}
tracks/1/type = "value"
tracks/1/path = NodePath("../platform_square7:transform")
tracks/1/interp = 1
tracks/1/loop_wrap = true
tracks/1/imported = false
tracks/1/enabled = true
tracks/1/keys = {
"times": PoolRealArray( 0, 2 ),
"transitions": PoolRealArray( 1, 1 ),
"update": 0,
"values": [ Transform( 0.73355, 0, -0.679635, 0, 1, 0, 0.679635, 0, 0.73355, 16.2076, 6.5, 11.9599 ), Transform( 0, -0.73355, -0.679635, 1, 0, 0, 0, -0.679635, 0.73355, 19.2522, 12, 14.7807 ) ]
}
tracks/2/type = "value"
tracks/2/path = NodePath("../platform_square8:transform")
tracks/2/interp = 1
tracks/2/loop_wrap = true
tracks/2/imported = false
tracks/2/enabled = true
tracks/2/keys = {
"times": PoolRealArray( 0, 2 ),
"transitions": PoolRealArray( 1, 1 ),
"update": 0,
"values": [ Transform( -3.56523e-08, -0.738766, -0.673962, 1, -4.37114e-08, -4.98509e-09, -2.5777e-08, -0.673962, 0.738766, 28.4248, 12, 4.83408 ), Transform( 0.738766, -3.35976e-09, -0.673962, 0, 1, -4.98509e-09, 0.673962, 3.68282e-09, 0.738766, 26.122, 7.5, 2.73321 ) ]
}

[sub_resource type="Animation" id=278]
length = 0.001
tracks/0/type = "value"
tracks/0/path = NodePath("../platform_square6:transform")
tracks/0/interp = 1
tracks/0/loop_wrap = true
tracks/0/imported = false
tracks/0/enabled = true
tracks/0/keys = {
"times": PoolRealArray( 0 ),
"transitions": PoolRealArray( 1 ),
"update": 0,
"values": [ Transform( -3.74119e-08, 0.876691, -0.481054, -1, -4.37114e-08, -1.8905e-09, -2.26849e-08, 0.481054, 0.876691, 4.88322, 12, 15.2997 ) ]
}
tracks/1/type = "value"
tracks/1/path = NodePath("../platform_square7:transform")
tracks/1/interp = 1
tracks/1/loop_wrap = true
tracks/1/imported = false
tracks/1/enabled = true
tracks/1/keys = {
"times": PoolRealArray( 0 ),
"transitions": PoolRealArray( 1 ),
"update": 0,
"values": [ Transform( 0.73355, 0, -0.679635, 0, 1, 0, 0.679635, 0, 0.73355, 16.2076, 6.5, 11.9599 ) ]
}
tracks/2/type = "value"
tracks/2/path = NodePath("../platform_square8:transform")
tracks/2/interp = 1
tracks/2/loop_wrap = true
tracks/2/imported = false
tracks/2/enabled = true
tracks/2/keys = {
"times": PoolRealArray( 0 ),
"transitions": PoolRealArray( 1 ),
"update": 0,
"values": [ Transform( -3.56523e-08, -0.738766, -0.673962, 1, -4.37114e-08, -4.98509e-09, -2.5777e-08, -0.673962, 0.738766, 28.4248, 12, 4.83408 ) ]
}

[sub_resource type="Animation" id=287]
resource_name = "Activate"
length = 1.5
tracks/0/type = "value"
tracks/0/path = NodePath("platform_square10:translation")
tracks/0/interp = 2
tracks/0/loop_wrap = true
tracks/0/imported = false
tracks/0/enabled = true
tracks/0/keys = {
"times": PoolRealArray( 0, 1.5 ),
"transitions": PoolRealArray( 1, 1 ),
"update": 0,
"values": [ Vector3( 17.5535, 9.82113, -12.8862 ), Vector3( 17.5535, 13.8211, -12.8862 ) ]
}
tracks/1/type = "value"
tracks/1/path = NodePath("SpotLight:light_color")
tracks/1/interp = 1
tracks/1/loop_wrap = true
tracks/1/imported = false
tracks/1/enabled = true
tracks/1/keys = {
"times": PoolRealArray( 0 ),
"transitions": PoolRealArray( 1 ),
"update": 0,
"values": [ Color( 0.74902, 0.945098, 0.737255, 1 ) ]
}

[sub_resource type="Animation" id=289]
resource_name = "Locked"
length = 0.9
tracks/0/type = "value"
tracks/0/path = NodePath("SpotLight:light_color")
tracks/0/interp = 0
tracks/0/loop_wrap = true
tracks/0/imported = false
tracks/0/enabled = true
tracks/0/keys = {
"times": PoolRealArray( 0, 0.3, 0.6, 0.9 ),
"transitions": PoolRealArray( 1, 1, 1, 1 ),
"update": 0,
"values": [ Color( 1, 0.301961, 0.462745, 1 ), Color( 0.921569, 0.815686, 0.945098, 1 ), Color( 1, 0.301961, 0.462745, 1 ), Color( 0.921569, 0.815686, 0.945098, 1 ) ]
}

[sub_resource type="Animation" id=288]
length = 0.001
tracks/0/type = "value"
tracks/0/path = NodePath("platform_square10:translation")
tracks/0/interp = 1
tracks/0/loop_wrap = true
tracks/0/imported = false
tracks/0/enabled = true
tracks/0/keys = {
"times": PoolRealArray( 0 ),
"transitions": PoolRealArray( 1 ),
"update": 0,
"values": [ Vector3( 17.5535, 9.82113, -12.8862 ) ]
}
tracks/1/type = "value"
tracks/1/path = NodePath("SpotLight:light_color")
tracks/1/interp = 1
tracks/1/loop_wrap = true
tracks/1/imported = false
tracks/1/enabled = true
tracks/1/keys = {
"times": PoolRealArray( 0 ),
"transitions": PoolRealArray( 1 ),
"update": 0,
"values": [ Color( 0.921569, 0.815686, 0.945098, 1 ) ]
}

[sub_resource type="BoxShape" id=286]
extents = Vector3( 2.33545, 1.87714, 1 )

[sub_resource type="Animation" id=279]
resource_name = "Activate"
length = 4.35
tracks/0/type = "value"
tracks/0/path = NodePath("platform_square:transform")
tracks/0/interp = 1
tracks/0/loop_wrap = true
tracks/0/imported = false
tracks/0/enabled = true
tracks/0/keys = {
"times": PoolRealArray( 0.1, 1.6, 4.1 ),
"transitions": PoolRealArray( 0.517633, 1, 1 ),
"update": 0,
"values": [ Transform( 0.99896, 0.0456095, -1.99365e-09, 0, -4.37114e-08, -1, -0.0456095, 0.99896, -4.36659e-08, 11.7135, 4.9623, 12.4686 ), Transform( 0.99896, 0.0456096, -5.58793e-09, -1.86265e-09, -1.19209e-07, -1, -0.0456095, 0.99896, -1.19209e-07, 11.7135, 13.9623, 12.4686 ), Transform( 0.99896, 0, 0.045609, 0, 1, 0, -0.04561, 0, 0.99896, 17.0076, 16, 4.39854 ) ]
}
tracks/1/type = "value"
tracks/1/path = NodePath("platform_square2:transform")
tracks/1/interp = 1
tracks/1/loop_wrap = true
tracks/1/imported = false
tracks/1/enabled = true
tracks/1/keys = {
"times": PoolRealArray( 0.1, 1.6, 4.1 ),
"transitions": PoolRealArray( 0.517633, 1, 1 ),
"update": 0,
"values": [ Transform( 0.99896, 0.0456095, -1.99365e-09, 0, -4.37114e-08, -1, -0.0456095, 0.99896, -4.36659e-08, 11.7622, 4.9623, 13.5337 ), Transform( 0.998961, 0.0456094, -3.72529e-09, 0, -1.19209e-07, -1, -0.0456095, 0.99896, -1.19209e-07, 11.7622, 13.9623, 13.5337 ), Transform( 0.99896, 0, -0.04561, 0, -1, 0, -0.04561, 0, -0.99896, 17.4983, 16, 14.1547 ) ]
}
tracks/2/type = "value"
tracks/2/path = NodePath("platform_square3:transform")
tracks/2/interp = 1
tracks/2/loop_wrap = true
tracks/2/imported = false
tracks/2/enabled = true
tracks/2/keys = {
"times": PoolRealArray( 0.1, 1.6, 4.1 ),
"transitions": PoolRealArray( 0.517633, 1, 1 ),
"update": 0,
"values": [ Transform( 0.99869, 0.0511909, -2.23762e-09, 0, -4.37114e-08, -1, -0.0511908, 0.99869, -4.36541e-08, 1.33593, 4.9623, 13.1182 ), Transform( 0.99869, 0.0511908, -1.30385e-08, 1.86265e-09, -2.38419e-07, -1, -0.0511909, 0.99869, -2.38419e-07, 1.33592, 13.9623, 13.1182 ), Transform( 0.99869, 0, 0.051191, 0, 1, 0, -0.051191, 0, 0.998689, -4.26374, 16, 5.61035 ) ]
}
tracks/3/type = "value"
tracks/3/path = NodePath("platform_square5:transform")
tracks/3/interp = 1
tracks/3/loop_wrap = true
tracks/3/imported = false
tracks/3/enabled = true
tracks/3/keys = {
"times": PoolRealArray( 0, 3, 4.2 ),
"transitions": PoolRealArray( 2.21914, 0.659753, 1 ),
"update": 0,
"values": [ Transform( 0.99869, -1.82093e-15, 0.0511908, -1.05879e-22, 1, 3.55716e-14, -0.0511908, -3.55249e-14, 0.99869, 1.74569, 24.7531, 9.34482 ), Transform( -1.19209e-07, 0.998691, 0.0511908, -1, -1.19209e-07, -1.86265e-09, 1.86265e-09, -0.0511908, 0.99869, 5.76553, 14.3461, 13.5132 ), Transform( -4.36542e-08, 0.99869, 0.0511908, -1, -4.37114e-08, 3.57936e-14, 2.23766e-09, -0.0511908, 0.99869, 5.76553, 9.34613, 13.5132 ) ]
}
tracks/4/type = "value"
tracks/4/path = NodePath("platform_square6:transform")
tracks/4/interp = 1
tracks/4/loop_wrap = true
tracks/4/imported = false
tracks/4/enabled = true
tracks/4/keys = {
"times": PoolRealArray( 0, 3, 4.2 ),
"transitions": PoolRealArray( 2.21914, 0.659753, 1 ),
"update": 0,
"values": [ Transform( 0.99869, -1.82093e-15, 0.0511908, -1.05879e-22, 1, 3.55716e-14, -0.0511908, -3.55249e-14, 0.99869, 10.486, 24.7531, 8.89681 ), Transform( -1.19209e-07, -0.99869, 0.0511908, 1, -1.19209e-07, -1.86265e-09, 5.58795e-09, 0.0511908, 0.99869, 6.58028, 14.3334, 13.495 ), Transform( -4.36542e-08, -0.99869, 0.0511908, 1, -4.37114e-08, 3.56307e-14, 2.23758e-09, 0.0511908, 0.99869, 6.58028, 9.3334, 13.495 ) ]
}
tracks/5/type = "value"
tracks/5/path = NodePath("platform_square4:transform")
tracks/5/interp = 1
tracks/5/loop_wrap = true
tracks/5/imported = false
tracks/5/enabled = true
tracks/5/keys = {
"times": PoolRealArray( 0.1, 1.6, 4.1 ),
"transitions": PoolRealArray( 0.517633, 1, 1 ),
"update": 0,
"values": [ Transform( 0.99869, 0.0511908, -2.23762e-09, 0, -4.37114e-08, -1, -0.0511909, 0.99869, -4.36541e-08, 1.39051, 4.9623, 14.183 ), Transform( 0.99869, 0.0511909, -9.31322e-09, 3.72529e-09, -2.38419e-07, -1, -0.0511909, 0.99869, -2.38419e-07, 1.39051, 13.9623, 14.183 ), Transform( 0.99869, -9.17835e-08, -0.051191, -8.74229e-08, -1, 8.74228e-08, -0.0511911, -8.2833e-08, -0.998689, -3.55175, 16, 15.4376 ) ]
}
tracks/6/type = "value"
tracks/6/path = NodePath("platform_square7:transform")
tracks/6/interp = 1
tracks/6/loop_wrap = true
tracks/6/imported = false
tracks/6/enabled = true
tracks/6/keys = {
"times": PoolRealArray( 0.1, 3, 4.3 ),
"transitions": PoolRealArray( 0.378929, 1, 1 ),
"update": 0,
"values": [ Transform( 0.0511908, 0.99869, 4.36541e-08, 0, -4.37114e-08, 1, 0.998691, -0.0511908, -2.23762e-09, 5.14307, 8.68658, 1.73327 ), Transform( 0.0511907, 0.99869, 2.68221e-07, 2.98024e-08, -2.38419e-07, 1, 0.998691, -0.0511906, 0, 5.14307, 26.1085, 1.73327 ), Transform( 0.0511908, -2.48493e-14, -0.99869, 0, 1, -2.48819e-14, 0.998691, 1.27372e-15, 0.0511907, 0.463638, 27.756, 1.97312 ) ]
}
tracks/7/type = "value"
tracks/7/path = NodePath("platform_square8:transform")
tracks/7/interp = 1
tracks/7/loop_wrap = true
tracks/7/imported = false
tracks/7/enabled = true
tracks/7/keys = {
"times": PoolRealArray( 0.1, 3, 4.3 ),
"transitions": PoolRealArray( 0.378929, 1, 1 ),
"update": 0,
"values": [ Transform( -0.051191, -0.998691, -4.36541e-08, 0, -4.37114e-08, 1, -0.998691, 0.0511908, 2.23762e-09, 5.99915, 8.68658, 1.70702 ), Transform( -0.051191, -0.998691, -5.96047e-08, 5.96048e-08, -1.1921e-07, 1, -0.998692, 0.0511909, 0, 5.99915, 26.1085, 1.70702 ), Transform( -0.0511911, 3.90797e-14, 0.99869, 0, 1, -3.91309e-14, -0.998692, -2.00315e-15, -0.0511909, 10.7917, 27.756, 1.46136 ) ]
}

[sub_resource type="Animation" id=280]
length = 0.001
tracks/0/type = "value"
tracks/0/path = NodePath("platform_square:transform")
tracks/0/interp = 1
tracks/0/loop_wrap = true
tracks/0/imported = false
tracks/0/enabled = true
tracks/0/keys = {
"times": PoolRealArray( 0 ),
"transitions": PoolRealArray( 1 ),
"update": 0,
"values": [ Transform( 0.99896, 0.0456095, -1.99365e-09, 0, -4.37114e-08, -1, -0.0456095, 0.99896, -4.36659e-08, 11.7135, 4.9623, 12.4686 ) ]
}
tracks/1/type = "value"
tracks/1/path = NodePath("platform_square2:transform")
tracks/1/interp = 1
tracks/1/loop_wrap = true
tracks/1/imported = false
tracks/1/enabled = true
tracks/1/keys = {
"times": PoolRealArray( 0 ),
"transitions": PoolRealArray( 1 ),
"update": 0,
"values": [ Transform( 0.99896, 0.0456095, -1.99365e-09, 0, -4.37114e-08, -1, -0.0456095, 0.99896, -4.36659e-08, 11.7622, 4.9623, 13.5337 ) ]
}
tracks/2/type = "value"
tracks/2/path = NodePath("platform_square3:transform")
tracks/2/interp = 1
tracks/2/loop_wrap = true
tracks/2/imported = false
tracks/2/enabled = true
tracks/2/keys = {
"times": PoolRealArray( 0 ),
"transitions": PoolRealArray( 1 ),
"update": 0,
"values": [ Transform( 0.99869, 0.0511909, -2.23762e-09, 0, -4.37114e-08, -1, -0.0511908, 0.99869, -4.36541e-08, 1.33593, 4.9623, 13.1182 ) ]
}
tracks/3/type = "value"
tracks/3/path = NodePath("platform_square5:transform")
tracks/3/interp = 1
tracks/3/loop_wrap = true
tracks/3/imported = false
tracks/3/enabled = true
tracks/3/keys = {
"times": PoolRealArray( 0 ),
"transitions": PoolRealArray( 1 ),
"update": 0,
"values": [ Transform( 0.99869, -1.82093e-15, 0.0511908, -1.05879e-22, 1, 3.55716e-14, -0.0511908, -3.55249e-14, 0.99869, 1.74569, 24.7531, 9.34482 ) ]
}
tracks/4/type = "value"
