[gd_scene load_steps=111 format=2]

[ext_resource path="res://entities/one_time/chunks/chunk112.gd" type="Script" id=1]
[ext_resource path="res://entities/npc/npc_shop.tscn" type="PackedScene" id=2]
[ext_resource path="res://entities/enemies/crawly.tscn" type="PackedScene" id=3]
[ext_resource path="res://items/gem_pickup.tscn" type="PackedScene" id=4]
[ext_resource path="res://material/env/stone/bricks.material" type="Material" id=5]
[ext_resource path="res://items/bug_pickup.tscn" type="PackedScene" id=6]
[ext_resource path="res://_glb/chunks/chunk112.glb" type="PackedScene" id=7]
[ext_resource path="res://dialog/intro/gate.dialog" type="Resource" id=8]
[ext_resource path="res://items/coat_pickup.tscn" type="PackedScene" id=9]
[ext_resource path="res://entities/env/stone/hut_bath.tscn" type="PackedScene" id=10]
[ext_resource path="res://dialog/shops/village_shop.dialog" type="Resource" id=11]
[ext_resource path="res://entities/env/stone/hut.tscn" type="PackedScene" id=12]
[ext_resource path="res://entities/env/stone/fountain.tscn" type="PackedScene" id=13]
[ext_resource path="res://entities/env/stone/pillar.tscn" type="PackedScene" id=14]
[ext_resource path="res://entities/env/stone/rock1.tscn" type="PackedScene" id=15]
[ext_resource path="res://entities/enemies/speeder.tscn" type="PackedScene" id=16]
[ext_resource path="res://entities/env/stone/ruin1.tscn" type="PackedScene" id=17]
[ext_resource path="res://entities/one_time/tutorial_area.gd" type="Script" id=18]
[ext_resource path="res://dialog/intro/tutorial_tyler.dialog" type="Resource" id=19]
[ext_resource path="res://tutorial_prompt.gd" type="Script" id=20]
[ext_resource path="res://entities/env/vaeler/cannon_fresh.tscn" type="PackedScene" id=21]
[ext_resource path="res://entities/env/stone/rock2.tscn" type="PackedScene" id=22]
[ext_resource path="res://entities/env/vaeler/cannon.tscn" type="PackedScene" id=23]
[ext_resource path="res://entities/env/vaeler/v_rifle.tscn" type="PackedScene" id=24]
[ext_resource path="res://entities/env/vaeler/cannon_wheel.tscn" type="PackedScene" id=25]
[ext_resource path="res://entities/env/copper/light_hang1.tscn" type="PackedScene" id=26]
[ext_resource path="res://entities/control/conditional.gd" type="Script" id=27]
[ext_resource path="res://entities/npc/npc.tscn" type="PackedScene" id=28]
[ext_resource path="res://dialog/intro/fountain.dialog" type="Resource" id=29]
[ext_resource path="res://dialog/intro/tylers_mom.dialog" type="Resource" id=30]
[ext_resource path="res://entities/one_time/npc_tyler.gd" type="Script" id=32]
[ext_resource path="res://entities/env/furniture/sofa.tscn" type="PackedScene" id=33]
[ext_resource path="res://dialog/intro/bathhouse.dialog" type="Resource" id=34]
[ext_resource path="res://entities/wardrobe.tscn" type="PackedScene" id=35]
[ext_resource path="res://entities/env/stone/rock3.tscn" type="PackedScene" id=36]
[ext_resource path="res://entities/env/furniture/stump_table.tscn" type="PackedScene" id=37]
[ext_resource path="res://entities/env/stone/glass-furnace.tscn" type="PackedScene" id=38]
[ext_resource path="res://entities/env/stone/water_pot.tscn" type="PackedScene" id=39]
[ext_resource path="res://material/env/stone/sand_brick1.jpg" type="Texture" id=40]
[ext_resource path="res://material/env/stone/cobblestone1.png" type="Texture" id=41]
[ext_resource path="res://material/env/stone/rock_striated.png" type="Texture" id=42]
[ext_resource path="res://material/triplanar.shader" type="Shader" id=43]
[ext_resource path="res://entities/env/copper/pail.tscn" type="PackedScene" id=44]
[ext_resource path="res://entities/env/copper/glass_support.tscn" type="PackedScene" id=45]
[ext_resource path="res://entities/env/copper/glass-tools.tscn" type="PackedScene" id=46]
[ext_resource path="res://material/env/copper/copper1.png" type="Texture" id=47]
[ext_resource path="res://entities/env/furniture/glass1.tscn" type="PackedScene" id=48]
[ext_resource path="res://entities/env/furniture/glass_tree.tscn" type="PackedScene" id=49]
[ext_resource path="res://entities/env/stone/garden.tscn" type="PackedScene" id=50]
[ext_resource path="res://entities/env/stone/garden_melon.tscn" type="PackedScene" id=51]
[ext_resource path="res://entities/env/furniture/sitting_pillow.tscn" type="PackedScene" id=52]
[ext_resource path="res://entities/env/furniture/carpet.tscn" type="PackedScene" id=53]
[ext_resource path="res://entities/env/furniture/fruit_stand.tscn" type="PackedScene" id=54]
[ext_resource path="res://entities/env/furniture/bottle1.tscn" type="PackedScene" id=55]
[ext_resource path="res://entities/env/furniture/bottle2.tscn" type="PackedScene" id=56]
[ext_resource path="res://entities/env/furniture/jar1.tscn" type="PackedScene" id=57]
[ext_resource path="res://_glb/items/bug.glb" type="PackedScene" id=58]
[ext_resource path="res://entities/env/furniture/incense.tscn" type="PackedScene" id=59]
[ext_resource path="res://entities/env/furniture/shelf.tscn" type="PackedScene" id=60]
[ext_resource path="res://entities/env/electrical/wind_generator.tscn" type="PackedScene" id=61]
[ext_resource path="res://entities/env/electrical/phone.tscn" type="PackedScene" id=62]
[ext_resource path="res://entities/env/electrical/outlet_box.tscn" type="PackedScene" id=63]
[ext_resource path="res://entities/env/electrical/charger.tscn" type="PackedScene" id=64]
[ext_resource path="res://entities/env/electrical/drink_fridge.tscn" type="PackedScene" id=65]
[ext_resource path="res://entities/env/furniture/bed_native.tscn" type="PackedScene" id=66]
[ext_resource path="res://entities/env/plants/cactus_round_flower.tscn" type="PackedScene" id=67]
[ext_resource path="res://entities/env/plants/cactus_round.tscn" type="PackedScene" id=68]
[ext_resource path="res://entities/shop_stock/shop_default_stock.inv" type="Resource" id=70]
[ext_resource path="res://material/env/stone/sand1.jpg" type="Texture" id=71]
[ext_resource path="res://material/triplanar_local_coords.shader" type="Shader" id=72]
[ext_resource path="res://entities/enemies/enemy_group.gd" type="Script" id=73]
[ext_resource path="res://entities/control/door.gd" type="Script" id=74]
[ext_resource path="res://games/jump_game.gd" type="Script" id=75]
[ext_resource path="res://dialog/side_content/jump_game.dialog" type="Resource" id=76]
[ext_resource path="res://entities/visual/flag.tscn" type="PackedScene" id=77]
[ext_resource path="res://dialog/side_content/letter_delivery/mother.dialog" type="Resource" id=78]
[ext_resource path="res://entities/env/plants/juniper_small.tscn" type="PackedScene" id=79]
[ext_resource path="res://entities/env/jackie/tea_chair.tscn" type="PackedScene" id=80]
[ext_resource path="res://entities/env/jackie/tea_pot.tscn" type="PackedScene" id=81]
[ext_resource path="res://entities/env/furniture/bed_jackie.tscn" type="PackedScene" id=82]
[ext_resource path="res://entities/env/jackie/tea_table.tscn" type="PackedScene" id=83]
[ext_resource path="res://entities/env/jackie/tea_cup.tscn" type="PackedScene" id=84]
[ext_resource path="res://entities/env/jackie/tea_plate.tscn" type="PackedScene" id=85]
[ext_resource path="res://management/player_start.gd" type="Script" id=86]
[ext_resource path="res://dialog/intro/landlord.dialog" type="Resource" id=88]

[sub_resource type="OccluderShapePolygon" id=251]
polygon_points = PoolVector2Array( 211.785, -132.215, 163.449, 79.4757, -69.1629, 45.8454, -118.749, -129.44 )

[sub_resource type="ShaderMaterial" id=248]
shader = ExtResource( 72 )
shader_param/uv_scale = 0.35
shader_param/power = 5.0
shader_param/softness = 0.5
shader_param/specularity = 1.0
shader_param/light_bias = 0.0
shader_param/wall = ExtResource( 40 )
shader_param/ground = ExtResource( 71 )
shader_param/ceiling = ExtResource( 40 )

[sub_resource type="ConvexPolygonShape" id=227]
points = PoolVector3Array( -5.46454, -0.111179, -0.6754, -1.88392, -0.947531, -0.6754, -5.46454, -0.111179, 0.477956, -5.46454, 7.95494, -0.6754, 1.88285, -0.947531, -0.6754, -1.88392, -0.947531, 0.478069, -5.46454, 7.95494, 0.477956, -1.88392, 10.2338, -0.6754, 1.88285, -0.947531, 0.478069, 5.46347, -0.111179, -0.6754, -1.88392, 10.2338, 0.478069, -0.00106907, 10.693, -0.6754, 5.46347, -0.111179, 0.477956, 1.88285, 10.2338, 0.478069, 5.46347, 7.95494, -0.6754, -0.00106907, 10.693, 0.478069, 1.88285, 10.2338, -0.6754, 5.46347, 7.95494, 0.477956 )

[sub_resource type="Animation" id=249]
resource_name = "Activate"
length = 4.0
tracks/0/type = "value"
tracks/0/path = NodePath(".:translation")
tracks/0/interp = 1
tracks/0/loop_wrap = true
tracks/0/imported = false
tracks/0/enabled = true
tracks/0/keys = {
"times": PoolRealArray( 0, 4 ),
"transitions": PoolRealArray( 1, 1 ),
"update": 0,
"values": [ Vector3( 119.317, -239.278, -57.297 ), Vector3( 119.317, -251.311, -57.297 ) ]
}

[sub_resource type="Animation" id=250]
length = 0.001
tracks/0/type = "value"
tracks/0/path = NodePath(".:translation")
tracks/0/interp = 1
tracks/0/loop_wrap = true
tracks/0/imported = false
tracks/0/enabled = true
tracks/0/keys = {
"times": PoolRealArray( 0 ),
"transitions": PoolRealArray( 1 ),
"update": 0,
"values": [ Vector3( 119.317, -239.278, -57.297 ) ]
}

[sub_resource type="BoxShape" id=252]

[sub_resource type="SphereShape" id=235]
radius = 2.91933

[sub_resource type="ShaderMaterial" id=236]
shader = ExtResource( 43 )
shader_param/wall_scale = 0.125
shader_param/ground_scale = 0.125
shader_param/power = 5.0
shader_param/softness = 0.5
shader_param/specularity_ground = 1.0
shader_param/specularity_wall = 1.0
shader_param/specularity_ceiling = 1.0
shader_param/light_bias = 0.0
shader_param/shadow_normal_offset = 0.2
shader_param/wall = ExtResource( 40 )
shader_param/ground = ExtResource( 41 )
shader_param/ceiling = ExtResource( 42 )

[sub_resource type="ShaderMaterial" id=237]
shader = ExtResource( 43 )
shader_param/wall_scale = 0.125
shader_param/ground_scale = 0.125
shader_param/power = 5.0
shader_param/softness = 0.5
shader_param/specularity_ground = 1.0
shader_param/specularity_wall = 1.0
shader_param/specularity_ceiling = 1.0
shader_param/light_bias = 0.0
shader_param/shadow_normal_offset = 0.2
shader_param/wall = ExtResource( 40 )
shader_param/ground = ExtResource( 47 )
shader_param/ceiling = ExtResource( 47 )

[sub_resource type="SpatialMaterial" id=238]
albedo_color = Color( 0, 0, 0, 1 )
roughness = 0.75

[sub_resource type="Curve3D" id=239]
bake_interval = 0.03
_data = {
"points": PoolVector3Array( -0.129589, 0.0040741, 0.0222015, 0.129589, -0.0040741, -0.0222015, -0.169804, 0.0467377, -0.0139313, -0.038784, -0.00254822, 0.102066, 0.038784, 0.00254822, -0.102066, 0.00772858, -0.0345459, 0.0171967, 0, 0, 0, 0, 0, 0, -0.0989799, -0.0376434, -0.0575562, -0.0725365, -0.00012207, -0.00196838, 0.0725365, 0.00012207, 0.00196838, -0.0760918, -0.0416412, 0.111694, -0.0908279, 0.042038, 0.125671, 0.0908279, -0.042038, -0.125671, 0.0234299, -0.0375366, -0.179123 ),
"tilts": PoolRealArray( 0, 0, 0, 0, 0 )
}

[sub_resource type="SpatialMaterial" id=240]
albedo_color = Color( 1, 0.698039, 0.733333, 1 )

[sub_resource type="Curve3D" id=241]
bake_interval = 0.03
_data = {
"points": PoolVector3Array( -0.129784, -0.0127563, 0.0151215, 0.129784, 0.0127563, -0.0151215, -0.169456, 0.0437622, -0.0238953, -0.038784, -0.00254822, 0.102066, 0.038784, 0.00254822, -0.102066, -0.128345, -0.0779419, -0.00257874, -0.00505447, -0.0067749, 0.101273, 0.00505447, 0.0067749, -0.101273, -0.02528, -0.0895233, -0.0801697, -0.00178528, -0.0176392, 0.150574, 0.00178528, 0.0176392, -0.150574, -0.0976143, -0.0975037, -0.202988 ),
"tilts": PoolRealArray( 0, 0, 0, 0 )
}

[sub_resource type="Curve3D" id=242]
bake_interval = 0.03
_data = {
"points": PoolVector3Array( -0.0612225, -0.0137329, 0.0321655, 0.0612225, 0.0137329, -0.0321655, -0.169804, 0.0467377, -0.0139313, -0.143608, -0.00341797, 0.0211639, 0.143608, 0.00341797, -0.0211639, 0.096611, -0.121643, -0.0288849, -0.209999, 0.00364685, 0.197479, 0.209999, -0.00364685, -0.197479, 0.23838, -0.118851, -0.282684, 0, 0, 0, 0, 0, 0, 0.191597, -0.117981, -0.435303, -0.151932, -0.000793457, 0.126984, 0.151932, 0.000793457, -0.126984, 0.179977, -0.117615, -0.583923 ),
"tilts": PoolRealArray( 0, 0, 0, 0, 0 )
}

[sub_resource type="Curve3D" id=243]
bake_interval = 0.03
_data = {
"points": PoolVector3Array( -0.0612225, -0.0137329, 0.0321655, 0.0612225, 0.0137329, -0.0321655, -0.169804, 0.0467377, -0.0139313, -0.125172, -0.00161743, -0.0786743, 0.125172, 0.00161743, 0.0786743, -0.0690689, -0.20755, 0.0761108, -0.108505, 0.01474, 0.0331726, 0.108505, -0.01474, -0.0331726, 0.161514, -0.197983, 0.0625153, -0.123165, 0.0441132, 0.0846558, 0.123165, -0.0441132, -0.0846558, 0.279598, -0.343338, 0.0817261, 0.0534439, -0.0517731, -0.0146942, -0.0534439, 0.0517731, 0.0146942, 0.401619, -0.215134, -0.143707, 0.0600853, 0.00038147, -0.0585938, -0.0600853, -0.00038147, 0.0585938, 0.224171, -0.189194, -0.0821838, 0.0999222, -0.00543213, -0.105255, -0.0999222, 0.00543213, 0.105255, 0.104465, -0.189697, 0.0772858, -0.0872383, -0.00392151, 0.131241, 0.0872383, 0.00392151, -0.131241, -0.166714, -0.188217, 0.121811, -0.0457916, 0.00166321, 0.143829, 0.0457916, -0.00166321, -0.143829, 0.235073, -0.181992, -0.208405 ),
"tilts": PoolRealArray( 0, 0, 0, 0, 0, 0, 0, 0, 0 )
}

[sub_resource type="Curve3D" id=244]
_data = {
"points": PoolVector3Array( -0.0922089, -0.0459747, -0.554535, 0.0922089, 0.0459747, 0.554535, 0.19059, -0.102905, -0.125565, -0.152969, 0.258591, -0.168488, 0.152969, -0.258591, 0.168488, 0.344093, -0.494385, 0.497971, 0.187508, -0.118134, -0.780212, -0.187508, 0.118134, 0.780212, 0.519672, -1.10864, 0.982025, -1.59505, -0.165756, -4.77164, 1.59505, 0.165756, 4.77164, -3.66924, -0.967239, 14.4012, 1.84256, 0.0782166, -1.10474, -1.84256, -0.0782166, 1.10474, -6.29639, -1.02397, 21.9226, 0.53212, -1.73515, -0.251175, -0.53212, 1.73515, 0.251175, -6.9128, 0.596832, 24.3744, -0.134735, -0.640518, 0.117661, 0.134735, 0.640518, -0.117661, -6.43928, 5.58578, 24.0476, -1.66594, -4.80792, -0.814133, 1.66594, 4.80792, 0.814133, -3.6707, 10.4851, 25.3704, -0.472649, -1.04031, -0.0412445, 0.472649, 1.04031, 0.0412445, 1.07852, 18.7637, 25.7335, 0, 0, 0, 0, 0, 0, 1.96936, 21.701, 26.2242, 0.475311, -0.781784, 0.644653, -0.475311, 0.781784, -0.644653, 1.37907, 23.1362, 25.559, 0.660145, -1.07375, 0.635818, -0.660145, 1.07375, -0.635818, -0.0538025, 26.0844, 23.381, 0.0952797, -0.660599, -0.0158844, -0.0952797, 0.660599, 0.0158844, -0.778328, 27.2389, 22.6398, 0.0817032, -0.207138, 0.0497589, -0.0817032, 0.207138, -0.0497589, -0.601532, 29.1093, 22.5023, -0.552917, -0.171555, 0.0869141, 0.552917, 0.171555, -0.0869141, -0.150482, 29.2009, 22.9533 ),
"tilts": PoolRealArray( 0, 0, 0, 0, 0, 0, 0, 0, 0, 0, 0, 0, 0, 0, 0 )
}

[sub_resource type="Curve3D" id=245]
_data = {
"points": PoolVector3Array( -0.0922089, -0.0459747, -0.554535, 0.0922089, 0.0459747, 0.554535, 0.0302734, -0.0604553, -0.00814819, 0.343613, 0.0559692, -0.552826, -0.343613, -0.0559692, 0.552826, 0.0480499, -0.136337, 1.06282, 0.892761, 0.0227966, -0.317307, -0.892761, -0.0227966, 0.317307, -3.22238, -0.169724, 4.48215, 2.65167, 0.0522003, -0.0211182, -2.65167, -0.0522003, 0.0211182, -6.6739, -0.370316, 5.62463, 1.9467, -0.0683289, 1.86954, -1.9467, 0.0683289, -1.86954, -12.1391, -0.419601, 4.67937, 0.187897, -0.103012, 3.37025, -0.187897, 0.103012, -3.37025, -15.351, -0.331924, -2.07748, -0.41571, 0.0540771, 0.846344, 0.41571, -0.0540771, -0.846344, -14.3881, -0.210159, -5.44186, -0.318558, -0.0292816, 0.396271, 0.318558, 0.0292816, -0.396271, -13.1991, -0.159348, -6.08716, -1.40727, -0.0298004, 1.06967, 1.40727, 0.0298004, -1.06967, -10.8647, -0.073288, -8.32794, -1.25385, -0.0436859, -1.01723, 1.25385, 0.0436859, 1.01723, -5.12108, 0.0369568, -8.82086, -0.784164, -0.14006, -0.883011, 0.784164, 0.14006, 0.883011, -1.62239, 0.064743, -5.45522, -0.54541, -0.0463562, -1.20628, 0.54541, 0.0463562, 1.20628, -0.896454, -0.0282745, -3.84435, 0.0623169, -0.282913, -1.1391, -0.0623169, 0.282913, 1.1391, 0.116638, 0.0921783, -0.150711 ),
"tilts": PoolRealArray( 0, 0, 0, 0, 0, 0, 0, 0, 0, 0, 0, 0, 0 )
}

[sub_resource type="Curve3D" id=246]
_data = {
"points": PoolVector3Array( -0.0758361, 0.00234983, 0.438278, 0.0758361, -0.00234983, -0.438278, 0.0278397, 0.0446472, -0.065506, 0.143066, -0.0225525, 0.160553, -0.143066, 0.0225525, -0.160553, -0.201134, -0.0306854, -0.487442, 0.243858, -0.0130615, 0.014801, -0.243858, 0.0130615, -0.014801, -1.01829, -0.0162354, -0.860428, 0.239731, 0.135315, 0.137741, -0.239731, -0.135315, -0.137741, -1.94303, -0.52742, -1.10803, 0.460922, -0.0866394, 0.484833, -0.460922, 0.0866394, -0.484833, -2.591, -0.625427, -1.93199, 0.726929, -0.00926208, 0.288422, -0.726929, 0.00926208, -0.288422, -3.91399, -0.469849, -3.30164, 0.742065, 0.0679932, 3.2657, -0.742065, -0.0679932, -3.2657, -8.39835, -0.294067, -9.83932, 0.992294, -0.0427856, 1.13266, -0.992294, 0.0427856, -1.13266, -8.85637, -0.242081, -16.9673, 1.42145, -0.0481262, 0.997604, -1.42145, 0.0481262, -0.997604, -13.9014, -0.215805, -17.8155, 0.388687, 0.0245819, -0.247772, -0.388687, -0.0245819, 0.247772, -15.6925, -0.199142, -18.199, -0.0349884, -0.329056, -0.117859, 0.0349884, 0.329056, 0.117859, -15.8811, 0.457413, -17.6873, -0.00694275, 0.0295715, -0.301071, 0.00694275, -0.0295715, 0.301071, -16.5849, 0.97583, -17.6136 ),
"tilts": PoolRealArray( 0, 0, 0, 0, 0, 0, 0, 0, 0, 0, 0, 0 )
}

[sub_resource type="Curve3D" id=247]
bake_interval = 0.03
_data = {
"points": PoolVector3Array( -0.0838547, -0.000427246, -0.0209808, 0.0838547, 0.000427246, 0.0209808, 0.0769806, -0.0140228, -0.0220032, -0.22747, -0.0157471, -0.17543, 0.22747, 0.0157471, 0.17543, 0.477402, -0.0808563, 0.181808, -0.169876, 0.00765991, -0.406509, 0.169876, -0.00765991, 0.406509, 1.01693, -0.0773315, 1.06708, -0.668465, -0.0182037, -0.0806885, 0.668465, 0.0182037, 0.0806885, 1.45148, -0.0857391, 2.05721, -0.0533371, -0.0791931, 0.395264, 0.0533371, 0.0791931, -0.395264, 1.7019, 0.00886536, 1.59796 ),
"tilts": PoolRealArray( 0, 0, 0, 0, 0 )
}

[sub_resource type="SphereShape" id=229]
radius = 3.0

[sub_resource type="Animation" id=230]
length = 0.001
tracks/0/type = "value"
tracks/0/path = NodePath("..:translation")
tracks/0/interp = 1
tracks/0/loop_wrap = true
tracks/0/imported = false
tracks/0/enabled = true
tracks/0/keys = {
"times": PoolRealArray( 0 ),
"transitions": PoolRealArray( 1 ),
"update": 0,
"values": [ Vector3( 210.227, -228.909, -44.48 ) ]
}

[sub_resource type="Animation" id=231]
resource_name = "TutStage0"
length = 4.6
tracks/0/type = "value"
tracks/0/path = NodePath("..:translation")
tracks/0/interp = 2
tracks/0/loop_wrap = true
tracks/0/imported = false
tracks/0/enabled = true
tracks/0/keys = {
"times": PoolRealArray( 0, 0.7, 1.6, 2, 2.3, 2.7, 3, 3.3, 3.5, 3.8, 4, 4.6 ),
"transitions": PoolRealArray( 1, 1, 1, 1, 1, 1, 1, 1, 1, 1, 1, 1 ),
"update": 0,
"values": [ Vector3( 210.227, -228.909, -44.48 ), Vector3( 207.011, -229.091, -43.7343 ), Vector3( 206.285, -227.684, -43.9286 ), Vector3( 203.697, -226.299, -44.6716 ), Vector3( 201.756, -226.749, -45.2288 ), Vector3( 201.743, -226.767, -45.2323 ), Vector3( 200.021, -223.083, -45.6927 ), Vector3( 198.794, -224.154, -46.0207 ), Vector3( 198.794, -224.154, -46.0207 ), Vector3( 198.662, -222.825, -46.0562 ), Vector3( 198.113, -223.386, -46.2029 ), Vector3( 194.269, -222.003, -47.2305 ) ]
}
tracks/1/type = "method"
tracks/1/path = NodePath("..")
tracks/1/interp = 1
tracks/1/loop_wrap = true
tracks/1/imported = false
tracks/1/enabled = true
tracks/1/keys = {
"times": PoolRealArray( 0, 0.9, 1.7, 2.6, 3, 3.3, 3.6, 4 ),
"transitions": PoolRealArray( 1, 1, 1, 1, 1, 1, 1, 1 ),
"values": [ {
"args": [  ],
"method": "run"
}, {
"args": [  ],
"method": "climb"
}, {
"args": [  ],
"method": "run"
}, {
"args": [  ],
"method": "jump"
}, {
"args": [  ],
"method": "fall"
}, {
"args": [  ],
"method": "grab_ledge"
}, {
"args": [  ],
"method": "fall"
}, {
"args": [  ],
"method": "run"
} ]
}

[sub_resource type="Animation" id=232]
resource_name = "TutStage1"
length = 6.8
tracks/0/type = "value"
tracks/0/path = NodePath("..:translation")
tracks/0/interp = 2
tracks/0/loop_wrap = true
tracks/0/imported = false
tracks/0/enabled = true
tracks/0/keys = {
"times": PoolRealArray( 0, 0.3, 1, 1.5, 1.8, 2, 2.3, 2.6, 2.8, 3.4, 3.9, 4.1, 4.5, 4.7, 5, 5.3, 5.8, 6, 6.3, 6.8 ),
"transitions": PoolRealArray( 1, 1, 1, 1, 1, 1, 1, 1, 1, 1, 1, 1, 1, 1, 1, 1, 1, 1, 1, 1 ),
"update": 0,
"values": [ Vector3( 194.269, -222.003, -47.2305 ), Vector3( 192.998, -222.188, -50.0682 ), Vector3( 187.046, -223.469, -51.9142 ), Vector3( 187.046, -223.469, -51.9142 ), Vector3( 184.437, -222.296, -55.6111 ), Vector3( 183.598, -223.978, -56.4379 ), Vector3( 183.598, -223.978, -56.4379 ), Vector3( 183.332, -222.538, -56.7463 ), Vector3( 182.891, -222.877, -57.0919 ), Vector3( 176.836, -222.574, -57.5287 ), Vector3( 172.403, -222.877, -59.128 ), Vector3( 171.513, -222.877, -58.6618 ), Vector3( 167.178, -222.171, -56.574 ), Vector3( 165.344, -224.523, -56.574 ), Vector3( 165.344, -224.523, -56.574 ), Vector3( 164.865, -223.247, -56.4848 ), Vector3( 163.135, -223.396, -58.0359 ), Vector3( 160.709, -222.84, -59.0794 ), Vector3( 156.113, -222.984, -58.9496 ), Vector3( 150.577, -223.402, -56.6638 ) ]
}
tracks/1/type = "method"
tracks/1/path = NodePath("..")
tracks/1/interp = 1
tracks/1/loop_wrap = true
tracks/1/imported = false
tracks/1/enabled = true
tracks/1/keys = {
"times": PoolRealArray( 0, 1.1, 1.7, 2, 2.5, 3, 3.9, 4.4, 4.7, 5.3, 5.7 ),
"transitions": PoolRealArray( 1, 1, 1, 1, 1, 1, 1, 1, 1, 1, 1 ),
"values": [ {
"args": [  ],
"method": "run"
}, {
"args": [  ],
"method": "jump"
}, {
"args": [  ],
"method": "fall"
}, {
"args": [  ],
"method": "grab_ledge"
}, {
"args": [  ],
"method": "fall"
}, {
"args": [  ],
"method": "run"
}, {
"args": [  ],
"method": "jump"
}, {
"args": [  ],
"method": "fall"
}, {
"args": [  ],
"method": "grab_ledge"
}, {
"args": [  ],
"method": "fall"
}, {
"args": [  ],
"method": "run"
} ]
}

[sub_resource type="Animation" id=233]
resource_name = "TutStage2"
length = 10.9
tracks/0/type = "value"
tracks/0/path = NodePath("..:translation")
tracks/0/interp = 2
tracks/0/loop_wrap = true
tracks/0/imported = false
tracks/0/enabled = true
tracks/0/keys = {
"times": PoolRealArray( 0, 0.5, 0.8, 1.1, 1.4, 1.7, 2.1, 2.8, 2.9, 3.1, 3.4, 3.6, 3.8, 4.1, 4.2, 4.4, 4.6, 4.9, 5.1, 5.3, 5.5, 5.6, 5.7, 5.9, 6.1, 6.4, 6.9, 7.2, 9.2, 9.8, 9.9, 10.1, 10.3 ),
"transitions": PoolRealArray( 1, 1, 1, 1, 1, 1, 1, 1, 1, 1, 1, 1, 1, 1, 1, 1, 1, 1, 1, 1, 1, 1, 1, 1, 1, 1, 1, 1, 1, 1, 1, 1, 1 ),
"update": 0,
"values": [ Vector3( 150.577, -223.402, -56.6638 ), Vector3( 150.577, -223.402, -56.6638 ), Vector3( 147.877, -222.574, -59.2539 ), Vector3( 145.176, -224.979, -61.8441 ), Vector3( 145.176, -224.979, -61.8441 ), Vector3( 144.529, -223.692, -62.4527 ), Vector3( 141.197, -225.172, -62.3719 ), Vector3( 135.615, -226.754, -61.8732 ), Vector3( 134.239, -227.274, -61.798 ), Vector3( 131.904, -226.184, -62.4865 ), Vector3( 129, -226.884, -61.9648 ), Vector3( 127.609, -226.886, -61.3931 ), Vector3( 124.851, -226.094, -60.2657 ), Vector3( 119.764, -228.694, -57.7069 ), Vector3( 118.116, -228.921, -56.8328 ), Vector3( 116.045, -230.134, -56.1361 ), Vector3( 114.814, -229.967, -55.9715 ), Vector3( 114.814, -229.967, -55.9715 ), Vector3( 114.577, -228.864, -56.0823 ), Vector3( 113.219, -228.993, -55.5377 ), Vector3( 111.551, -227.6, -54.8432 ), Vector3( 110.698, -226.898, -54.4865 ), Vector3( 110.053, -226.872, -54.2167 ), Vector3( 109.025, -226.865, -53.496 ), Vector3( 107.889, -225.826, -52.689 ), Vector3( 105.952, -225.461, -50.8188 ), Vector3( 101.61, -222.485, -47.8971 ), Vector3( 99.1014, -220.73, -46.4423 ), Vector3( 96.0197, -214.059, -46.1139 ), Vector3( 95.3694, -214.022, -48.0545 ), Vector3( 96.0664, -213.794, -48.3475 ), Vector3( 97.7287, -213.042, -49.7649 ), Vector3( 99.3039, -215.579, -51.1457 ) ]
}
tracks/1/type = "method"
tracks/1/path = NodePath("..")
tracks/1/interp = 1
tracks/1/loop_wrap = true
tracks/1/imported = false
tracks/1/enabled = true
tracks/1/keys = {
"times": PoolRealArray( 0, 0.6, 1.1, 1.6, 2, 2.8, 3.2, 3.7, 4, 4.2, 4.4, 4.6, 5.1, 5.3, 6, 6.4, 7.3, 9.3, 9.8, 10 ),
"transitions": PoolRealArray( 1, 1, 1, 1, 1, 1, 1, 1, 1, 1, 1, 1, 1, 1, 1, 1, 1, 1, 1, 1 ),
"values": [ {
"args": [  ],
"method": "jump"
}, {
"args": [  ],
"method": "fall"
}, {
"args": [  ],
"method": "grab_ledge"
}, {
"args": [  ],
"method": "fall"
}, {
"args": [  ],
"method": "run"
}, {
"args": [  ],
"method": "jump"
}, {
"args": [  ],
"method": "fall"
}, {
"args": [  ],
"method": "jump"
}, {
"args": [  ],
"method": "fall"
}, {
"args": [  ],
"method": "run"
}, {
"args": [  ],
"method": "fall"
}, {
"args": [  ],
"method": "grab_ledge"
}, {
"args": [  ],
"method": "fall"
}, {
"args": [  ],
"method": "run"
}, {
"args": [  ],
"method": "fall"
}, {
"args": [  ],
"method": "run"
}, {
"args": [  ],
"method": "climb"
}, {
"args": [  ],
"method": "fall"
}, {
"args": [  ],
"method": "run"
}, {
"args": [  ],
"method": "fall"
} ]
}

[sub_resource type="Animation" id=234]
resource_name = "TutStage3"
length = 12.7
tracks/0/type = "value"
tracks/0/path = NodePath("..:translation")
tracks/0/interp = 2
tracks/0/loop_wrap = true
tracks/0/imported = false
tracks/0/enabled = true
tracks/0/keys = {
"times": PoolRealArray( 0, 0.3, 0.5, 0.7, 0.9, 1.1, 1.4, 1.7, 2.2, 2.8, 3.2, 3.6, 4, 4.4, 4.6, 4.8, 5, 5.2, 5.4, 5.6, 5.8, 6.1, 6.5, 6.8, 7, 7.2, 7.8, 8.2, 8.4, 8.6, 8.9, 9.1, 9.5, 10.1, 10.4, 10.6, 11, 11.4, 11.7, 12, 12.4, 12.7 ),
"transitions": PoolRealArray( 1, 1, 1, 1, 1, 1, 1, 1, 1, 1, 1, 1, 1, 1, 1, 1, 1, 1, 1, 1, 1, 1, 1, 1, 1, 1, 1, 1, 1, 1, 1, 1, 1, 1, 1, 1, 1, 1, 1, 1, 1, 1 ),
"update": 0,
"values": [ Vector3( 99.3039, -215.579, -51.1457 ), Vector3( 100.217, -215.471, -51.8103 ), Vector3( 100.651, -214.936, -52.3079 ), Vector3( 101.519, -214.457, -53.3324 ), Vector3( 102.164, -213.175, -54.0982 ), Vector3( 103.292, -212.276, -55.4627 ), Vector3( 104.386, -208.622, -56.614 ), Vector3( 105.339, -209.136, -57.5948 ), Vector3( 105.339, -209.136, -57.5948 ), Vector3( 105.983, -207.909, -57.8196 ), Vector3( 107.459, -209.121, -58.717 ), Vector3( 110.858, -207.987, -60.8008 ), Vector3( 115.189, -206.818, -63.4893 ), Vector3( 119.253, -215.699, -65.7936 ), Vector3( 120.52, -215.673, -64.8032 ), Vector3( 121.202, -215.687, -63.0314 ), Vector3( 124.924, -215.699, -61.7727 ), Vector3( 127.727, -215.716, -62.3271 ), Vector3( 129.025, -215.431, -64.1666 ), Vector3( 130.203, -215.169, -65.8666 ), Vector3( 131.409, -215.066, -65.8844 ), Vector3( 133.793, -214.085, -66.3163 ), Vector3( 134.579, -219.2, -67.6417 ), Vector3( 136.595, -219.324, -68.731 ), Vector3( 138.483, -217.681, -69.8027 ), Vector3( 139.438, -218.435, -70.3119 ), Vector3( 139.438, -218.435, -70.3119 ), Vector3( 140.095, -216.667, -70.3111 ), Vector3( 140.444, -215.692, -70.4768 ), Vector3( 140.698, -214.862, -70.5637 ), Vector3( 143.239, -213.802, -72.0763 ), Vector3( 144.91, -211.993, -73.0583 ), Vector3( 146.295, -212.756, -73.7279 ), Vector3( 147.184, -210.208, -73.8093 ), Vector3( 147.882, -208.082, -73.9138 ), Vector3( 148.218, -207.545, -74.1029 ), Vector3( 150.393, -207.302, -75.5441 ), Vector3( 153.375, -208.083, -77.2466 ), Vector3( 155.449, -206.917, -78.6684 ), Vector3( 158.253, -208.036, -80.6375 ), Vector3( 160.221, -207.087, -82.023 ), Vector3( 161.344, -206.758, -82.8146 ) ]
}
tracks/1/type = "method"
tracks/1/path = NodePath("..")
tracks/1/interp = 1
tracks/1/loop_wrap = true
tracks/1/imported = false
tracks/1/enabled = true
tracks/1/keys = {
"times": PoolRealArray( 0, 0.4, 0.7, 1.1, 1.7, 2.6, 3.2, 3.6, 4, 4.4, 5.7, 6.2, 6.5, 6.8, 7.2, 7.8, 8.9, 9.2, 9.5, 10.7, 11.2, 11.8, 12.1 ),
"transitions": PoolRealArray( 1, 1, 1, 1, 1, 1, 1, 1, 1, 1, 1, 1, 1, 1, 1, 1, 1, 1, 1, 1, 1, 1, 1 ),
"values": [ {
"args": [  ],
"method": "run"
}, {
"args": [  ],
"method": "fall"
}, {
"args": [  ],
"method": "climb"
}, {
"args": [  ],
"method": "jump"
}, {
"args": [  ],
"method": "grab_ledge"
}, {
"args": [  ],
"method": "fall"
}, {
"args": [  ],
"method": "run"
}, {
"args": [  ],
"method": "jump"
}, {
"args": [  ],
"method": "fall"
}, {
"args": [  ],
"method": "run"
}, {
"args": [  ],
"method": "jump"
}, {
"args": [  ],
"method": "fall"
}, {
"args": [  ],
"method": "run"
}, {
"args": [  ],
"method": "jump"
}, {
"args": [  ],
"method": "grab_ledge"
}, {
"args": [  ],
"method": "climb"
}, {
"args": [  ],
"method": "jump"
}, {
"args": [  ],
"method": "fall"
}, {
"args": [  ],
"method": "climb"
}, {
"args": [  ],
"method": "run"
}, {
"args": [  ],
"method": "jump"
}, {
"args": [  ],
"method": "fall"
}, {
"args": [  ],
"method": "run"
} ]
}

[node name="chunk112" instance=ExtResource( 7 )]
script = ExtResource( 1 )

[node name="Occluder" type="Occluder" parent="." index="0"]
transform = Transform( 1, 0, 0, 0, 1, 0, 0, 0, 1, 244.431, -203.384, -116.038 )
shape = SubResource( 251 )

[node name="wall" parent="." index="1"]
material_override = ExtResource( 5 )

[node name="StaticBody" parent="wall" index="0"]
collision_layer = 257

[node name="door_frame" parent="." index="2"]
material_override = ExtResource( 5 )

[node name="StaticBody" parent="door_frame" index="0"]
collision_layer = 257

[node name="door" parent="." index="3"]
transform = Transform( 0.917486, 0, 0.397767, 0, 1, 0, -0.397767, 0, 0.917486, 119.317, -239.278, -57.297 )
material_override = SubResource( 248 )
script = ExtResource( 74 )
tracked_stat = "112_safe"

[node name="KinematicBody" type="KinematicBody" parent="door" index="0"]
collision_layer = 257

[node name="CollisionShape2" type="CollisionShape" parent="door/KinematicBody" index="0"]
shape = SubResource( 227 )

[node name="AnimationPlayer" type="AnimationPlayer" parent="door" index="1"]
anims/Activate = SubResource( 249 )
anims/RESET = SubResource( 250 )

[node name="palace" parent="." index="4"]
material_override = ExtResource( 5 )

[node name="StaticBody" parent="palace" index="0"]
collision_layer = 257

[node name="zone_village_vis" type="Spatial" parent="." index="5"]
transform = Transform( 1, 0, 0, 0, 1, 0, 0, 0, 1, 185.971, -218.367, -14.7952 )

[node name="rock7" parent="zone_village_vis" index="0" instance=ExtResource( 22 )]
transform = Transform( 1, 0, 0, 0, 0.996655, -0.0817279, 0, 0.0817279, 0.996655, 34.2697, 29.6795, -79.0782 )

[node name="rock8" parent="zone_village_vis" index="1" instance=ExtResource( 36 )]
transform = Transform( 0.997594, -0.0693328, 0, 0.0693328, 0.997594, 0, 0, 0, 1, 52.9757, 33.3105, -88.9898 )

[node name="garden_melon2" parent="zone_village_vis" index="2" instance=ExtResource( 51 )]
transform = Transform( -0.75966, 0.0553477, -0.647961, 0.063246, 0.997936, 0.0110933, 0.647238, -0.0325538, -0.761592, -27.0793, -11.4874, 2.01518 )

[node name="fountain" parent="zone_village_vis" index="3" instance=ExtResource( 13 )]
transform = Transform( 1, 0, 0, 0, 1, 0, 0, 0, 1, -27.5973, -12.3534, -13.4442 )

[node name="fruit_stand2" parent="zone_village_vis" index="4" instance=ExtResource( 54 )]
transform = Transform( 0.725421, 0, 0.688305, 0, 1, 0, -0.688305, 0, 0.725421, -32.9203, -11.4654, -6.16542 )

[node name="garden2" parent="zone_village_vis" index="5" instance=ExtResource( 50 )]
transform = Transform( 0.0654706, 0.0553477, 0.996318, -0.0361609, 0.997936, -0.0530614, -0.997199, -0.0325538, 0.0673369, -36.5123, -10.9664, -2.82152 )

[node name="CSGCylinder" type="CSGCylinder" parent="zone_village_vis" index="6"]
transform = Transform( 1, 0, 0, 0, 1, 0, 0, 0, 1, -59.7823, -19.7034, -40.9036 )
use_collision = true
radius = 1.90478
height = 2.2606
material = ExtResource( 5 )

[node name="rock1" parent="zone_village_vis" index="7" instance=ExtResource( 15 )]
transform = Transform( 0.552884, 0.398628, 0.73172, -0.806084, 0.0334373, 0.590856, 0.211065, -0.916503, 0.339814, 17.7867, -12.5834, -29.4475 )

[node name="rock2" parent="zone_village_vis" index="8" instance=ExtResource( 15 )]
transform = Transform( 0.128591, -0.669365, 0.73172, 0.369932, 0.716965, 0.590856, -0.920117, 0.194708, 0.339815, 59.3817, -10.9554, -16.9884 )

[node name="rock3" parent="zone_village_vis" index="9" instance=ExtResource( 15 )]
transform = Transform( -0.00417255, 0.279462, 0.960148, -0.0935995, 0.955832, -0.278612, -0.995601, -0.0910319, 0.0221692, 50.1567, -9.55443, -17.3857 )

[node name="hut_shop" parent="zone_village_vis" index="10" instance=ExtResource( 12 )]
transform = Transform( -0.974574, 0, 0.224067, 0, 1, 0, -0.224067, 0, -0.974574, 14.1927, -12.8554, 28.6328 )

[node name="hut2" parent="zone_village_vis" index="11" instance=ExtResource( 12 )]
transform = Transform( 0.0472285, 0, 0.998884, 0, 1, 0, -0.998884, 0, 0.0472285, -2.07631, -12.8554, 15.6418 )

[node name="hut3" parent="zone_village_vis" index="12" instance=ExtResource( 12 )]
transform = Transform( -0.111469, 0, -0.993768, 0, 1, 0, 0.993768, 0, -0.111469, 17.5527, -12.3784, 7.41628 )

[node name="CSGBox" type="CSGBox" parent="zone_village_vis/hut3" index="1"]
transform = Transform( 0.412094, 0, 0.911141, 0, 1, 0, -0.911141, 0, 0.412094, -4.93844, 0.52655, -2.90164 )
use_collision = true
width = 2.99146
height = 1.61676
depth = 1.62327
material = ExtResource( 5 )

[node name="CSGBox2" type="CSGBox" parent="zone_village_vis/hut3/CSGBox" index="0"]
transform = Transform( 1, 0, 0, 0, 0.865262, -0.501321, 0, 0.501321, 0.865261, 0, 1.12085, -1.32898 )
operation = 2
use_collision = true
width = 3.28067
height = 1.61676
depth = 1.62327
material = ExtResource( 5 )

[node name="CSGBox3" type="CSGBox" parent="zone_village_vis/hut3/CSGBox" index="1"]
transform = Transform( -0.0534724, -0.501253, -0.863647, -0.0404619, 0.865261, -0.499685, 0.997749, 0.00822544, -0.0665493, 2.07825, 1.12085, -0.123466 )
operation = 2
use_collision = true
width = 3.28067
height = 1.61676
depth = 1.62327
material = ExtResource( 5 )

[node name="CSGBox4" type="CSGBox" parent="zone_village_vis/hut3/CSGBox" index="2"]
transform = Transform( 0.0164075, -0.501253, -0.865145, 0, 0.865262, -0.501321, 0.999865, 0.00822547, 0.0141968, -2.35953, 1.12085, -0.0859833 )
operation = 2
use_collision = true
width = 3.28067
height = 1.61676
depth = 1.62327
material = ExtResource( 5 )

[node name="bed_native2" parent="zone_village_vis/hut3" index="2" instance=ExtResource( 66 )]
transform = Transform( -0.342633, 0, 0.939469, 0, 1, 0, -0.939469, 0, -0.342633, 0.420509, 4.11099, 2.82372 )

[node name="bed_native3" parent="zone_village_vis/hut3" index="3" instance=ExtResource( 66 )]
transform = Transform( -0.621523, 0, -0.783396, 0, 1, 0, 0.783396, 0, -0.621523, 1.63419, 4.11099, -2.3156 )

[node name="hut4" parent="zone_village_vis" index="13" instance=ExtResource( 12 )]
transform = Transform( -0.433486, 0, -0.90116, 0, 1, 0, 0.90116, 0, -0.433486, 5.00272, -11.9384, -31.1413 )

[node name="sofa2" parent="zone_village_vis/hut4" index="1" instance=ExtResource( 33 )]
transform = Transform( -0.999868, 0, -0.0163009, 0, 1, 0, 0.0163009, 0, -0.999868, 0.161926, 1, -3.65771 )

[node name="bed_native7" parent="zone_village_vis/hut4" index="2" instance=ExtResource( 66 )]
transform = Transform( 0.284836, 0, 0.958576, 0, 1, 0, -0.958576, 0, 0.284836, -1.64352, 4.12099, 2.52725 )

[node name="hut5" parent="zone_village_vis" index="14" instance=ExtResource( 12 )]
transform = Transform( 0.608692, 0, -0.793406, 0, 1, 0, 0.793406, 0, 0.608692, -7.7513, -11.3294, -49.038 )

[node name="sofa" parent="zone_village_vis/hut5" index="1" instance=ExtResource( 33 )]
transform = Transform( 0.961823, 0, -0.273674, 0, 1, 0, 0.273674, 0, 0.961823, -1.32782, 4.127, 3.15068 )

[node name="bed_native6" parent="zone_village_vis/hut5" index="2" instance=ExtResource( 66 )]
transform = Transform( -0.398166, 0, -0.917314, 0, 1, 0, 0.917314, 0, -0.398166, 0.783379, 1, -3.17262 )

[node name="hut6" parent="zone_village_vis" index="15" instance=ExtResource( 12 )]
transform = Transform( 0.383731, 0, 0.923445, 0, 1, 0, -0.923445, 0, 0.383731, -27.9093, -12.0504, -38.6048 )

[node name="bed_native5" parent="zone_village_vis/hut6" index="1" instance=ExtResource( 66 )]
transform = Transform( 0.945702, 0, 0.325037, 0, 1, 0, -0.325037, 0, 0.945702, -3.28761, 1, 0.846367 )

[node name="sitting_pillow" parent="zone_village_vis/hut6" index="2" instance=ExtResource( 52 )]
transform = Transform( -0.801592, 0, -0.597871, 0, 1, 0, 0.597871, 0, -0.801592, -2.42513, 0.936005, -1.22628 )

[node name="sitting_pillow2" parent="zone_village_vis/hut6" index="3" instance=ExtResource( 52 )]
transform = Transform( -0.979967, 0, -0.199155, 0, 1, 0, 0.199155, 0, -0.979967, -1.29839, 0.936005, -0.325691 )

[node name="hut7" parent="zone_village_vis" index="16" instance=ExtResource( 12 )]
transform = Transform( 0.470492, 0, 0.882405, 0, 1, 0, -0.882405, 0, 0.470492, 32.4787, 38.3945, -77.4786 )

[node name="hut8" parent="zone_village_vis" index="17" instance=ExtResource( 12 )]
transform = Transform( 0.268074, 0, -0.963398, 0, 1, 0, 0.963398, 0, 0.268074, 59.0147, 37.7175, -84.6495 )

[node name="stump_table" parent="zone_village_vis/hut8" index="1" instance=ExtResource( 37 )]
transform = Transform( 0.987942, 0, -0.154826, 0, 1, 0, 0.154826, 0, 0.987942, -1.65657, 1, 3.21039 )

[node name="sofa4" parent="zone_village_vis/hut8" index="2" instance=ExtResource( 33 )]
transform = Transform( 0.470375, 0, -0.882467, 0, 1, 0, 0.882467, 0, 0.470375, -3.32812, 1, 1.06686 )

[node name="hut_bath" parent="zone_village_vis" index="18" instance=ExtResource( 10 )]
transform = Transform( -0.430338, 0, -0.902668, 0, 1, 0, 0.902668, 0, -0.430338, -11.5313, -10.9244, 26.6094 )

[node name="pail4" parent="zone_village_vis/hut_bath" index="1" instance=ExtResource( 44 )]
transform = Transform( -0.998635, 0, -0.0522301, 0, 1, 0, 0.0522301, 0, -0.998635, 0.105774, -0.130005, 1.3842 )

[node name="hut_bath2" parent="zone_village_vis" index="19" instance=ExtResource( 10 )]
transform = Transform( -0.439641, 0, 0.898174, 0, 1, 0, -0.898174, 0, -0.439641, -21.7023, -11.6214, -48.6435 )

[node name="pail5" parent="zone_village_vis/hut_bath2" index="1" instance=ExtResource( 44 )]
transform = Transform( -0.242387, 0, -0.970179, 0, 1, 0, 0.970179, 0, -0.242387, 1.58387, -0.293991, -2.29094 )

[node name="zone_valley_vis" type="Spatial" parent="." index="6"]
transform = Transform( 1, 0, 0, 0, 1, 0, 0, 0, 1, 154.17, -239.567, -181.209 )

[node name="pillar" parent="zone_valley_vis" index="0" instance=ExtResource( 14 )]
transform = Transform( 0.148484, 0.535932, -0.831102, -0.883312, -0.306004, -0.355137, -0.44465, 0.786854, 0.427958, -67.8571, -5.93648, 44.3134 )

[node name="pillar2" parent="zone_valley_vis" index="1" instance=ExtResource( 14 )]
transform = Transform( 0.783353, -0.271715, -0.559044, 0.259169, 0.960264, -0.103565, 0.56497, -0.0637591, 0.822645, -25.3095, -13.0554, 48.2064 )

[node name="pillar3" parent="zone_valley_vis" index="2" instance=ExtResource( 14 )]
transform = Transform( 0.398564, 0.0071721, 0.917113, 0.0137054, 0.999812, -0.013775, -0.917038, 0.0180596, 0.398391, -49.7605, -11.5774, 31.7774 )

[node name="pillar4" parent="zone_valley_vis" index="3" instance=ExtResource( 14 )]
transform = Transform( -0.954826, 0.00899636, -0.297031, 0.0315288, 0.996968, -0.0711558, 0.295489, -0.0773064, -0.952214, -34.5945, -18.5034, 44.7854 )

[node name="rock4" parent="zone_valley_vis" index="4" instance=ExtResource( 15 )]
transform = Transform( -0.0299779, 0.533685, 0.845152, -0.0887672, 0.84077, -0.534066, -0.995601, -0.0910319, 0.0221692, -31.7205, -6.39148, 106.767 )

[node name="rock5" parent="zone_valley_vis" index="5" instance=ExtResource( 15 )]
transform = Transform( -0.0299779, 0.533685, 0.845152, -0.0887672, 0.84077, -0.534066, -0.995601, -0.0910319, 0.0221692, -31.5215, -9.48444, 58.0544 )

[node name="rock6" parent="zone_valley_vis" index="6" instance=ExtResource( 15 )]
transform = Transform( -0.0212934, -0.00902878, -0.999732, 0.136228, -0.990659, 0.00604529, -0.990449, -0.136063, 0.0223245, -43.0424, -1.07048, 0.388367 )

[node name="ruin1" parent="zone_valley_vis" index="7" instance=ExtResource( 17 )]
