[gd_scene load_steps=34 format=2]

[ext_resource path="res://areas/chunk_content.gd" type="Script" id=1]
[ext_resource path="res://_glb/chunks/chunk057.glb" type="PackedScene" id=2]
[ext_resource path="res://material/env/waterfall_normal.png" type="Texture" id=3]
[ext_resource path="res://material/env/water.shader" type="Shader" id=4]
[ext_resource path="res://entities/env/stone/hut.tscn" type="PackedScene" id=5]
[ext_resource path="res://entities/env/stone/hut_bath.tscn" type="PackedScene" id=6]
[ext_resource path="res://entities/control/conditional.gd" type="Script" id=7]
[ext_resource path="res://entities/npc/npc.tscn" type="PackedScene" id=8]
[ext_resource path="res://items/random_ammo_pickup.tscn" type="PackedScene" id=9]
[ext_resource path="res://entities/env/copper/table2.tscn" type="PackedScene" id=10]
[ext_resource path="res://entities/env/copper/crate1.tscn" type="PackedScene" id=11]
[ext_resource path="res://items/item_pickup.tscn" type="PackedScene" id=12]
[ext_resource path="res://ui/items/vis/mesh_pistol.tscn" type="PackedScene" id=13]
[ext_resource path="res://entities/env/furniture/sitting_pillow.tscn" type="PackedScene" id=14]
[ext_resource path="res://entities/env/furniture/bed_native.tscn" type="PackedScene" id=15]
[ext_resource path="res://entities/env/furniture/incense.tscn" type="PackedScene" id=16]
[ext_resource path="res://entities/dialog_trigger.gd" type="Script" id=17]
[ext_resource path="res://ui/diagetic/dialog_circle.tscn" type="PackedScene" id=18]
[ext_resource path="res://dialog/side_content/letter_delivery/natia_and_yomi.dialog" type="Resource" id=19]
[ext_resource path="res://entities/env/electrical/wind_generator.tscn" type="PackedScene" id=20]
[ext_resource path="res://entities/env/electrical/light_wall.tscn" type="PackedScene" id=21]
[ext_resource path="res://material/env/waterfall.shader" type="Shader" id=22]
[ext_resource path="res://material/env/wave_noise.png" type="Texture" id=23]
[ext_resource path="res://_glb/mat_basic.material" type="Material" id=24]
[ext_resource path="res://material/env/stone/brick_and_cobble.material" type="Material" id=25]
[ext_resource path="res://material/env/stone/bricks.material" type="Material" id=26]
[ext_resource path="res://management/environment_override.gd" type="Script" id=27]

[sub_resource type="ShaderMaterial" id=2]
shader = ExtResource( 4 )
shader_param/surface_albedo = Color( 0.964706, 0.941176, 0.941176, 1 )
shader_param/deep_albedo = Color( 0.2, 0.109804, 0.0862745, 1 )
shader_param/max_depth = 2.92
shader_param/foam_color = Color( 0.72549, 0.596078, 0.596078, 0.278431 )
shader_param/refraction = 0.004
shader_param/foam_distance = 0.92
shader_param/foam_noise_scale = 1.181
shader_param/foam_noise_scale2 = 0.263
shader_param/foam_noise = ExtResource( 23 )

[sub_resource type="ShaderMaterial" id=3]
render_priority = 1
shader = ExtResource( 22 )
shader_param/albedo = Color( 0.858824, 0.972549, 1, 1 )
shader_param/refraction = 0.006
shader_param/brightness = null
shader_param/speed = 1.59
shader_param/vertex_deform = 0.106
shader_param/normal_map = ExtResource( 3 )

[sub_resource type="ConvexPolygonShape" id=4]
points = PoolVector3Array( 36.2086, 11.4444, 36.2019, 36.2086, -11.4469, 36.2019, 36.2086, 11.4444, -36.2194, 24.4584, 11.4444, 67.5727, 36.2086, -11.4469, -36.2194, 24.4584, -11.4469, 67.5727, 18.3807, 11.4444, -68.6217, 8.94378, 11.4444, 75.7404, 18.3807, -11.4469, -68.6217, 8.94378, -11.4469, 75.7404, -18.3873, 11.4444, -68.6217, -0.0879974, 11.4444, 73.7338, -18.3873, -11.4469, -68.6217, -0.0879974, -11.4469, 73.7338, -38.1821, 11.4444, -36.6009, -39.0513, 11.4444, 36.2584, -38.1821, -11.4469, -36.6009, -39.0513, -11.4469, 36.2584 )

[sub_resource type="SphereShape" id=1]
radius = 0.532756

[sub_resource type="CapsuleShape" id=5]
radius = 66.2489
height = 40.9099

[sub_resource type="BoxShape" id=6]
extents = Vector3( 39.3932, 34.2877, 56.9639 )

[node name="chunk057" instance=ExtResource( 2 )]
script = ExtResource( 1 )

[node name="buildings-4" parent="town" index="0"]
material/0 = ExtResource( 25 )

[node name="buildings" parent="town" index="1"]
material/0 = ExtResource( 25 )

[node name="StaticBody" parent="town/buildings" index="0"]
collision_layer = 257

[node name="buildings2" parent="town" index="2"]
material/0 = ExtResource( 25 )

[node name="buildings3" parent="town" index="3"]
material/0 = ExtResource( 25 )

[node name="lake" parent="town" index="4"]
material/0 = SubResource( 2 )

[node name="river" parent="town" index="5"]
material/0 = SubResource( 3 )

[node name="StaticBody" parent="town/river" index="0"]
collision_layer = 8448
collision_mask = 0

[node name="river_rocks" parent="town" index="6"]
material/0 = ExtResource( 24 )

[node name="StaticBody" parent="town/river_rocks" index="0"]
collision_layer = 257

[node name="rocks2" parent="town" index="7"]
material/0 = ExtResource( 24 )

[node name="StaticBody" parent="town/rocks2" index="0"]
collision_layer = 257

[node name="rocks3" parent="town" index="8"]
material/0 = ExtResource( 24 )

[node name="StaticBody" parent="town/rocks3" index="0"]
collision_layer = 257

[node name="rocks4" parent="town" index="9"]
material/0 = ExtResource( 24 )

[node name="StaticBody" parent="town/rocks4" index="0"]
collision_layer = 257

[node name="temple" parent="town" index="10"]
material/0 = ExtResource( 25 )

[node name="wall1" parent="town" index="11"]
material/0 = ExtResource( 25 )

[node name="StaticBody" parent="town/wall1" index="0"]
collision_layer = 257

[node name="temple_interior" parent="active_entities" index="0"]
material/0 = ExtResource( 26 )

[node name="obstacles" parent="active_entities/temple_interior" index="0"]
material/0 = ExtResource( 26 )

[node name="StaticBody" parent="active_entities/temple_interior/obstacles" index="0"]
collision_layer = 257

[node name="StaticBody" parent="active_entities/temple_interior" index="1"]
collision_layer = 257

[node name="zone_town" type="MultiMeshSystem" parent="active_entities" index="1"]
transform = Transform( 0.698215, 0, 0.715888, 0, 1, 0, -0.715888, 0, 0.698215, 118.42, -27.5887, -16.9345 )

[node name="wind_generator" parent="active_entities/zone_town" index="0" instance=ExtResource( 20 )]
transform = Transform( 0.698215, 0, -0.715888, 0, 1, 0, 0.715888, 0, 0.698215, 76.1045, 123.77, -44.6232 )
move_scale = 1.66

[node name="water_col" type="StaticBody" parent="active_entities/zone_town" index="1"]
transform = Transform( 0.698215, 0, -0.715888, 0, 1, 0, 0.715888, 0, 0.698215, 0.0543327, -15.3904, -4.80835 )
collision_layer = 8448
collision_mask = 0

[node name="CollisionShape2" type="CollisionShape" parent="active_entities/zone_town/water_col" index="0"]
transform = Transform( 0.825503, 0, 0.564398, 0, 1, 0, -0.564398, 0, 0.825503, 0.896008, -4.3396, -7.93784 )
shape = SubResource( 4 )

[node name="natia_and_yomi" type="Spatial" parent="active_entities/zone_town" index="2"]
transform = Transform( 0.698215, 0, -0.715888, 0, 1, 0, 0.715888, 0, 0.698215, 86.3244, 124.27, -59.7777 )
script = ExtResource( 7 )
condition = "Global.stat(\"natia/leaving\") and Global.stat(\"mother/activated\")"

[node name="joined_dialog" type="Area" parent="active_entities/zone_town/natia_and_yomi" index="0"]
transform = Transform( 1, 0, 0, 0, 1, 0, 0, 0, 1, 1.80608, 2.37415, 3.23703 )
collision_layer = 0
collision_mask = 2
script = ExtResource( 17 )
dialog_sequence = ExtResource( 19 )
friendly_id = "natia_and_yomi"

[node name="dialog_circle" parent="active_entities/zone_town/natia_and_yomi/joined_dialog" index="0" instance=ExtResource( 18 )]

[node name="CollisionShape" type="CollisionShape" parent="active_entities/zone_town/natia_and_yomi/joined_dialog" index="1"]
shape = SubResource( 1 )

[node name="npc_natia" parent="active_entities/zone_town/natia_and_yomi" index="1" instance=ExtResource( 8 )]
transform = Transform( 0.998717, 0, 0.0506394, 0, 1, 0, -0.0506394, 0, 0.998717, 1.69616, 2.37415, 2.39959 )

[node name="npc_yomi" parent="active_entities/zone_town/natia_and_yomi" index="2" instance=ExtResource( 8 )]
transform = Transform( -0.982595, 0, 0.18576, 0, 1, 0, -0.18576, 0, -0.982595, 1.48785, 2.37451, 4.05549 )

[node name="crate1" parent="active_entities/zone_town/natia_and_yomi" index="3" instance=ExtResource( 11 )]
transform = Transform( 1, 0, 0, 0, 1, 0, 0, 0, 1, 5.10042, 2.42529, 3.25417 )

[node name="random_ammo_pickup" parent="active_entities/zone_town/natia_and_yomi/crate1" index="4" instance=ExtResource( 9 )]
transform = Transform( 1, 0, 0, 0, 1, 0, 0, 0, 1, -0.00767517, 0.0341797, 0.326846 )

[node name="random_ammo_pickup2" parent="active_entities/zone_town/natia_and_yomi/crate1" index="5" instance=ExtResource( 9 )]
transform = Transform( 1, 0, 0, 0, 1, 0, 0, 0, 1, -0.0258827, 0.0341797, -0.150106 )

[node name="random_ammo_pickup3" parent="active_entities/zone_town/natia_and_yomi/crate1" index="6" instance=ExtResource( 9 )]
transform = Transform( 1, 0, 0, 0, 1, 0, 0, 0, 1, 0.0137825, 0.0341797, -0.641063 )

[node name="crate2" parent="active_entities/zone_town/natia_and_yomi" index="4" instance=ExtResource( 11 )]
transform = Transform( 0.528239, 0, -0.849096, 0, 1, 0, 0.849096, 0, 0.528239, 4.75102, 2.42529, 5.94232 )

[node name="random_ammo_pickup" parent="active_entities/zone_town/natia_and_yomi/crate2" index="4" instance=ExtResource( 9 )]
transform = Transform( 1, 0, 0, 0, 1, 0, 0, 0, 1, -0.00767517, 0.0341797, 0.326846 )

[node name="random_ammo_pickup2" parent="active_entities/zone_town/natia_and_yomi/crate2" index="5" instance=ExtResource( 9 )]
transform = Transform( 1, 0, 0, 0, 1, 0, 0, 0, 1, -0.0258827, 0.0341797, -0.150106 )

[node name="random_ammo_pickup3" parent="active_entities/zone_town/natia_and_yomi/crate2" index="6" instance=ExtResource( 9 )]
transform = Transform( 1, 0, 0, 0, 1, 0, 0, 0, 1, 0.0137825, 0.0341797, -0.641063 )

[node name="wep_pistol_pickup" parent="active_entities/zone_town/natia_and_yomi" index="5" instance=ExtResource( 12 )]
transform = Transform( 1, 0, 0, 0, 1, 0, 0, 0, 1, 2.05802, 2.91431, 7.35262 )
item_id = "wep_pistol"

[node name="mesh_pistol" parent="active_entities/zone_town/natia_and_yomi/wep_pistol_pickup" index="4" instance=ExtResource( 13 )]
transform = Transform( -0.000152908, -0.0141655, -0.9999, -0.999942, 0.0107938, 0, 0.0107927, 0.999841, -0.0141663, -0.0921059, 0.019165, 0.0295451 )

[node name="mesh_pistol" parent="active_entities/zone_town/natia_and_yomi" index="6" instance=ExtResource( 13 )]
transform = Transform( 0.0204782, 0.99979, 0, -0.99979, 0.0204782, 0, 0, 0, 1, 3.20426, 2.92932, 7.56908 )

[node name="mesh_pistol5" parent="active_entities/zone_town/natia_and_yomi" index="7" instance=ExtResource( 13 )]
transform = Transform( 0.0199202, 0.972549, -0.231842, -0.99979, 0.0204782, 0, 0.00474771, 0.231793, 0.972753, 2.97906, 2.92932, 7.56908 )

[node name="mesh_pistol6" parent="active_entities/zone_town/natia_and_yomi" index="8" instance=ExtResource( 13 )]
transform = Transform( -0.0197618, -0.964812, -0.262196, -0.99979, 0.0204782, 0, 0.00536931, 0.262141, -0.965015, 3.42781, 2.92932, 7.65635 )

[node name="mesh_pistol2" parent="active_entities/zone_town/natia_and_yomi" index="9" instance=ExtResource( 13 )]
transform = Transform( 0.00122339, 0.0311131, -0.999515, -0.999228, 0.0392904, 0, 0.0392714, 0.998743, 0.0311372, 1.03913, 2.92871, 7.63273 )

[node name="mesh_pistol3" parent="active_entities/zone_town/natia_and_yomi" index="10" instance=ExtResource( 13 )]
transform = Transform( 0.00472615, 0.167063, -0.985935, -0.9996, 0.0282784, 0, 0.0278806, 0.985541, 0.16713, 0.956726, 2.9303, 7.47744 )

[node name="mesh_pistol4" parent="active_entities/zone_town/natia_and_yomi" index="11" instance=ExtResource( 13 )]
transform = Transform( 0.0831326, -0.996539, 0, 0.996539, 0.0831326, 0, 0, 0, 1, 0.540085, 2.93066, 7.28634 )

[node name="light_wall" parent="active_entities/zone_town" index="3" instance=ExtResource( 21 )]
transform = Transform( 0.698215, 0.695349, -0.170253, 0, 0.23782, 0.971309, 0.715888, -0.678183, 0.16605, 80.8017, 128.91, -52.5915 )

[node name="table2" parent="active_entities/zone_town" index="4" instance=ExtResource( 10 )]
transform = Transform( 0.767198, 0, 0.64141, 0, 1, 0, -0.64141, 0, 0.767198, 82.1759, 126.67, -52.9591 )

[node name="incense" parent="active_entities/zone_town/table2" index="1" instance=ExtResource( 16 )]
transform = Transform( 0.076491, 0, -0.99707, 0, 1, 0, 0.99707, 0, 0.076491, -0.0899506, 0.511353, -0.381489 )

[node name="sitting_pillow" parent="active_entities/zone_town" index="5" instance=ExtResource( 14 )]
transform = Transform( 0.698215, 0, -0.715888, 0, 1, 0, 0.715888, 0, 0.698215, 88.1466, 126.65, -57.1418 )

[node name="sitting_pillow2" parent="active_entities/zone_town" index="6" instance=ExtResource( 14 )]
transform = Transform( 0.698215, 0, -0.715888, 0, 1, 0, 0.715888, 0, 0.698215, 86.9041, 126.66, -58.1248 )

[node name="bed_native" parent="active_entities/zone_town" index="7" instance=ExtResource( 15 )]
transform = Transform( -0.00374508, 0, -0.999993, 0, 1, 0, 0.999993, 0, -0.00374508, 85.4912, 123.52, -58.2455 )

[node name="ReflectionProbe" type="ReflectionProbe" parent="active_entities/zone_town" index="8"]
extents = Vector3( 37.1262, 28.3027, 65.7064 )

[node name="wind_reduction" type="Area" parent="active_entities/zone_town" index="9"]
transform = Transform( 0.997119, 0, 0.0758572, 0, 1, 0, -0.0758572, 0, 0.997119, -0.23407, 10.6899, -4.2833 )
collision_layer = 0
collision_mask = 2
script = ExtResource( 27 )

[node name="CollisionShape" type="CollisionShape" parent="active_entities/zone_town/wind_reduction" index="0"]
transform = Transform( 1, 0, -2.98023e-08, 0, 1, 0, 2.98023e-08, 0, 1, -2.69262, 0, -9.90397 )
shape = SubResource( 5 )

[node name="CollisionShape2" type="CollisionShape" parent="active_entities/zone_town/wind_reduction" index="1"]
transform = Transform( 1, 0, 0, 0, 1, 0, 0, 0, 1, -32.5542, 0, -19.168 )
shape = SubResource( 6 )

[node name="zone_town" type="Spatial" parent="." index="2"]
transform = Transform( 0.698215, 0, 0.715888, 0, 1, 0, -0.715888, 0, 0.698215, 34.3674, 1091.39, 93.2751 )

[node name="hut_bath" parent="zone_town" index="0" instance=ExtResource( 6 )]
transform = Transform( 0.294439, 0, 0.95567, 0, 1, 0, -0.95567, 0, 0.294439, 97.9709, 120.91, -51.6374 )

[node name="hut" parent="zone_town" index="1" instance=ExtResource( 5 )]
transform = Transform( 0.930513, 0, -0.36626, 0, 1, 0, 0.36626, 0, 0.930513, 85.0726, 122.56, -55.2408 )
