[gd_scene load_steps=27 format=2]

[ext_resource path="res://areas/chunk_content.gd" type="Script" id=1]
[ext_resource path="res://entities/env/stone/rock_collapsible.tscn" type="PackedScene" id=2]
[ext_resource path="res://entities/npc/npc.tscn" type="PackedScene" id=3]
[ext_resource path="res://dialog/tree_tower/observer.dialog" type="Resource" id=4]
[ext_resource path="res://entities/enemies/gunner.tscn" type="PackedScene" id=5]
[ext_resource path="res://entities/env/copper/scrap2.tscn" type="PackedScene" id=6]
[ext_resource path="res://entities/env/copper/scrap3.tscn" type="PackedScene" id=7]
[ext_resource path="res://entities/env/copper/scrap1.tscn" type="PackedScene" id=8]
[ext_resource path="res://entities/env/copper/scrap_pile1.tscn" type="PackedScene" id=9]
[ext_resource path="res://entities/env/copper/scrap_pile3.tscn" type="PackedScene" id=10]
[ext_resource path="res://entities/env/stone/rock_kinematic.tscn" type="PackedScene" id=11]
[ext_resource path="res://entities/env/stone/fountain.tscn" type="PackedScene" id=12]
[ext_resource path="res://entities/env/stone/ruin1.tscn" type="PackedScene" id=13]
[ext_resource path="res://entities/env/stone/hut.tscn" type="PackedScene" id=14]
[ext_resource path="res://entities/env/stone/master_hut.tscn" type="PackedScene" id=15]
[ext_resource path="res://entities/env/stone/rock4.tscn" type="PackedScene" id=16]
[ext_resource path="res://entities/env/stone/pillar.tscn" type="PackedScene" id=17]
[ext_resource path="res://entities/env/stone/rock1.tscn" type="PackedScene" id=18]
[ext_resource path="res://entities/env/stone/hut_bath.tscn" type="PackedScene" id=19]
[ext_resource path="res://entities/env/ancient/ascrap1.tscn" type="PackedScene" id=20]
[ext_resource path="res://entities/env/stone/wall1.tscn" type="PackedScene" id=21]
[ext_resource path="res://entities/enemies/crawly.tscn" type="PackedScene" id=22]
[ext_resource path="res://items/gem_pickup.tscn" type="PackedScene" id=23]
[ext_resource path="res://items/bug_pickup.tscn" type="PackedScene" id=24]
[ext_resource path="res://entities/env/furniture/sitting_pillow.tscn" type="PackedScene" id=25]
[ext_resource path="res://entities/env/copper/pail.tscn" type="PackedScene" id=26]

[node name="chunk109" type="MultiMeshSystem"]
script = ExtResource( 1 )

[node name="zone_desert" type="Spatial" parent="."]
transform = Transform( 1, 0, 0, 0, 1, 0, 0, 0, 1, 231.295, 424.034, 71.7621 )

[node name="wall1" parent="zone_desert" instance=ExtResource( 21 )]
transform = Transform( 0.766994, 0.16179, -0.620922, 0, 0.967689, 0.252145, 0.641654, -0.193394, 0.742212, 52.7556, -11.5383, -3.85294 )

[node name="rock4" parent="zone_desert" instance=ExtResource( 16 )]
transform = Transform( -0.908148, 0, 0.418649, 0, 1, 0, -0.418649, 0, -0.908148, 44.8156, -0.830322, 59.4849 )

[node name="master_hut" parent="zone_desert" instance=ExtResource( 15 )]
transform = Transform( 1, 0, 0, 0, 1, 0, 0, 0, 1, -58.7464, -8.45334, -15.5607 )

[node name="zone_village" type="Spatial" parent="."]
transform = Transform( 1, 0, 0, 0, 1, 0, 0, 0, 1, -73.4743, 429.951, 0 )

[node name="ruin7" parent="zone_village" instance=ExtResource( 13 )]
transform = Transform( -0.296588, 0, -0.955006, 0, 1, 0, 0.955006, 0, -0.296588, 107.122, -7.84598, -2.87437 )

[node name="ruin6" parent="zone_village" instance=ExtResource( 13 )]
transform = Transform( -0.908148, 0, 0.418649, 0, 1, 0, -0.418649, 0, -0.908148, -3.88333, 8.94485, -104.219 )

[node name="ruin2" parent="zone_village" instance=ExtResource( 13 )]
transform = Transform( 1, 0, 0, 0, 1, 0, 0, 0, 1, 98.3561, -12.1765, -103.659 )

[node name="ruin3" parent="zone_village" instance=ExtResource( 13 )]
transform = Transform( -0.301267, 0, -0.95354, 0, 1, 0, 0.95354, 0, -0.301267, 88.8039, -11.1105, -57.899 )

[node name="ruin4" parent="zone_village" instance=ExtResource( 13 )]
transform = Transform( -0.301267, 0, -0.95354, 0, 1, 0, 0.95354, 0, -0.301267, 68.1744, -5.9375, -23.8884 )

[node name="wall1" parent="zone_village" instance=ExtResource( 21 )]
transform = Transform( 0.515954, 0.313754, 0.797088, -0.170492, 0.949504, -0.263389, -0.839478, 0, 0.543393, 24.9116, -7.7735, -93.497 )

[node name="scrap2" parent="zone_village" instance=ExtResource( 6 )]
transform = Transform( 0.993641, 0.112596, 0, -0.112596, 0.993641, 0, 0, 0, 1, 7.48193, 3.66849, -67.0874 )

[node name="scrap3" parent="zone_village" instance=ExtResource( 7 )]
transform = Transform( 0.911412, -0.145724, -0.384829, -0.165618, -0.986009, -0.0188696, -0.376695, 0.0809325, -0.922795, 17.9458, 0.662506, -62.1365 )

[node name="scrap4" parent="zone_village" instance=ExtResource( 6 )]
transform = Transform( 0.0435861, -0.0391925, -0.998281, 0.668635, 0.743591, 2.77009e-09, 0.742312, -0.667485, 0.0586158, 10.8003, 5.29651, -52.885 )

[node name="scrap1" parent="zone_village" instance=ExtResource( 8 )]
transform = Transform( 1, 0, 0, 0, 1, 0, 0, 0, 1, 0.909035, 13.4575, -63.9588 )

[node name="scrap5" parent="zone_village" instance=ExtResource( 8 )]
transform = Transform( 1, 0, 0, 0, 0.936582, 0.350448, 0, -0.350448, 0.936582, 0.523033, 11.4365, -81.1853 )

[node name="hut" parent="zone_village" instance=ExtResource( 14 )]
transform = Transform( 0.775485, 0, -0.631366, 0, 1, 0, 0.631366, 0, 0.775485, 3.36623, -4.13849, -110.008 )

[node name="rock2" parent="zone_village" instance=ExtResource( 18 )]
transform = Transform( 0.13259, 0.991171, 0, -0.991171, 0.13259, 0, 0, 0, 1, 36.9966, -3.01849, -88.6777 )

[node name="scrap_pile1" parent="zone_village" instance=ExtResource( 9 )]
transform = Transform( 0.759334, 0, -0.650701, -0.436968, 0.740973, -0.50992, 0.482152, 0.671535, 0.562646, 4.90514, 12.5775, -8.00574 )

[node name="scrap_pile3" parent="zone_village" instance=ExtResource( 10 )]
transform = Transform( 0.639454, -0.160773, -0.751832, 0.76883, 0.133719, 0.625316, 0, -0.977891, 0.209115, 4.91873, 13.8775, -14.8526 )

[node name="master_hut" parent="zone_village" instance=ExtResource( 15 )]
transform = Transform( 0.0197835, 0, -0.999804, 0, 1, 0, 0.999804, 0, 0.0197835, 22.4817, 29.7235, 93.9836 )

[node name="pillar" parent="zone_village" instance=ExtResource( 17 )]
transform = Transform( 1, 0, 0, 0, 1, 0, 0, 0, 1, 23.1699, 7.44449, 99.0662 )

[node name="pillar2" parent="zone_village" instance=ExtResource( 17 )]
transform = Transform( 0.578028, 0.267964, 0.770765, -0.263437, 0.955249, -0.13454, -0.772324, -0.12528, 0.622752, 23.1699, 8.67749, 98.1515 )

[node name="pillar3" parent="zone_village" instance=ExtResource( 17 )]
transform = Transform( -0.942388, -0.284641, -0.175737, -0.263437, 0.955249, -0.13454, 0.206168, -0.0804933, -0.9752, 22.5709, 8.9425, 99.0662 )

[node name="pillar4" parent="zone_village" instance=ExtResource( 17 )]
transform = Transform( 1, 0, 0, 0, 1, 0, 0, 0, 1, 13.9085, 24.6245, 77.5014 )

[node name="pillar5" parent="zone_village" instance=ExtResource( 17 )]
transform = Transform( 1, 0, 0, 0, 0.741321, 0.671151, 0, -0.671151, 0.741321, 29.0838, 24.5405, 74.7849 )

[node name="rock4" parent="zone_village" instance=ExtResource( 16 )]
transform = Transform( 0.0618289, -0.998087, 0, 0.998087, 0.0618289, 0, 0, 0, 1, 28.2272, 26.4095, 56.5377 )

[node name="rock1" parent="zone_village" instance=ExtResource( 18 )]
transform = Transform( 0.966561, 0.0687392, -0.24705, 0.255767, -0.188937, 0.948096, 0.0184946, -0.97958, -0.2002, 23.1418, 25.6795, 81.7943 )

[node name="hut_bath" parent="zone_village" instance=ExtResource( 19 )]
transform = Transform( 0.450873, 0, -0.892588, 0, 1, 0, 0.892588, 0, 0.450873, 26.0817, 29.7635, 96.8872 )

[node name="hut3" parent="zone_village" instance=ExtResource( 14 )]
transform = Transform( -0.99533, 0, -0.0965292, 0, 1, 0, 0.0965292, 0, -0.99533, 68.5491, 27.6305, 105.565 )

[node name="pillar6" parent="zone_village" instance=ExtResource( 17 )]
transform = Transform( 1, 0, 0, 0, 1, 0, 0, 0, 1, 80.8798, 26.1155, 113.156 )

[node name="pillar7" parent="zone_village" instance=ExtResource( 17 )]
transform = Transform( -0.712647, 0, -0.701523, 0, 1, 0, 0.701523, 0, -0.712647, 80.8006, 26.1155, 82.666 )

[node name="scrap10" parent="zone_village" instance=ExtResource( 8 )]
transform = Transform( 1, 0, 0, 0, 1, 0, 0, 0, 1, -26.6546, 23.5912, -90.3714 )

[node name="pillar8" parent="zone_village" instance=ExtResource( 17 )]
transform = Transform( -0.709949, -0.0869318, -0.698867, -0.0619517, 0.996214, -0.0609846, 0.701523, 0, -0.712647, -20.2013, 29.1905, 83.1259 )

[node name="ascrap1" parent="zone_village" instance=ExtResource( 20 )]
transform = Transform( 0.980344, 0.1971, 0.0088241, 0, 0.0447248, -0.998999, -0.197298, 0.979363, 0.0438456, -19.1368, 25.4285, -25.4439 )

[node name="ruin5" parent="zone_village" instance=ExtResource( 13 )]
transform = Transform( 0.939826, 0.0295378, 0.340375, -0.0659234, 0.993212, 0.0958333, -0.335234, -0.112505, 0.935394, -10.3097, 15.2996, -55.8579 )

[node name="pillar9" parent="zone_village" instance=ExtResource( 17 )]
transform = Transform( 0.973789, 0.0334196, -0.224985, -0.0424457, 0.998471, -0.0354009, 0.223458, 0.0440226, 0.973719, -37.0469, 12.019, -60.1274 )

[node name="scrap6" parent="zone_village/pillar9" instance=ExtResource( 7 )]
transform = Transform( 0.308189, -0.14201, -0.940665, -0.057027, 0.984259, -0.167275, 0.949614, 0.105196, 0.29524, -0.924957, 18.7, -0.866108 )

[node name="scrap8" parent="zone_village/pillar9" instance=ExtResource( 6 )]
transform = Transform( 0.322974, 0.189013, -0.92734, 0.639413, 0.678817, 0.361053, 0.697738, -0.709565, 0.0983829, -1.85927, 16.7522, -11.8953 )

[node name="hut2" parent="zone_village" instance=ExtResource( 14 )]
transform = Transform( -0.344026, 0.0172976, -0.938801, 0.0502164, 0.998738, -1.49657e-09, 0.937616, -0.0471432, -0.344461, -22.0033, 29.3545, -104.75 )

[node name="rock3" parent="zone_village" instance=ExtResource( 18 )]
transform = Transform( 0.136879, 0.990588, 0, -0.990588, 0.136879, 0, 0, 0, 1, -15.0943, 13.7511, -77.9807 )

[node name="active_entities" type="Spatial" parent="."]

[node name="npc" parent="active_entities" instance=ExtResource( 3 )]
transform = Transform( 0.0744761, 0, 0.997223, 0, 1, 0, -0.997223, 0, 0.0744761, 175.762, 438.374, 56.9927 )
dialog = ExtResource( 4 )
visual_name = "Observer"
friendly_id = "observer109"

[node name="zone_village" type="MultiMeshSystem" parent="active_entities"]
transform = Transform( 1, 0, 0, 0, 1, 0, 0, 0, 1, -73.4743, 429.951, 0 )

[node name="bug_pickup" parent="active_entities/zone_village" instance=ExtResource( 24 )]
transform = Transform( -0.344026, 0.0172976, -0.938801, 0.0502164, 0.998738, 2.22402e-09, 0.937616, -0.0471432, -0.344461, -20.2202, 31.1184, -104.731 )

[node name="bug_pickup2" parent="active_entities/zone_village" instance=ExtResource( 24 )]
transform = Transform( 0.752782, -0.0378497, -0.657181, 0.0502164, 0.998739, 4.7894e-08, 0.656352, -0.0330013, 0.753733, -20.9457, 30.6763, -105.975 )

[node name="bug_pickup3" parent="active_entities/zone_village" instance=ExtResource( 24 )]
transform = Transform( 0.521179, -0.0262049, 0.853045, 0.0502164, 0.998738, -9.70835e-09, -0.851968, 0.0428368, 0.521838, -22.1875, 30.9878, -106.449 )

[node name="bug_pickup4" parent="active_entities/zone_village" instance=ExtResource( 24 )]
transform = Transform( -0.423156, 0.0212761, 0.905807, 0.0502164, 0.998739, 1.59554e-08, -0.904665, 0.0454864, -0.42369, -22.8319, 30.8708, -105.291 )

[node name="bug_pickup5" parent="active_entities/zone_village" instance=ExtResource( 24 )]
transform = Transform( -0.846052, 0.0425394, 0.531401, 0.0502164, 0.998739, 7.76049e-09, -0.530731, 0.026685, -0.847121, -21.9635, 30.9639, -103.885 )

[node name="sitting_pillow" parent="active_entities/zone_village" instance=ExtResource( 25 )]
transform = Transform( -0.344026, 0.0172976, -0.938801, 0.0502164, 0.998738, 4.08432e-09, 0.937616, -0.0471432, -0.344461, -20.2662, 30.2801, -104.656 )

[node name="sitting_pillow2" parent="active_entities/zone_village" instance=ExtResource( 25 )]
transform = Transform( 0.589649, -0.0296474, -0.807117, 0.0502163, 0.998739, 2.52474e-08, 0.806097, -0.0405305, 0.590393, -20.8054, 30.2802, -106.158 )

[node name="sitting_pillow3" parent="active_entities/zone_village" instance=ExtResource( 25 )]
transform = Transform( 0.990411, -0.0497978, 0.128863, 0.0502165, 0.998739, -5.14618e-08, -0.1287, 0.006471, 0.991663, -22.3002, 30.2801, -106.413 )

[node name="sitting_pillow4" parent="active_entities/zone_village" instance=ExtResource( 25 )]
transform = Transform( -0.991375, 0.0498462, -0.121206, 0.0502165, 0.998739, 6.76858e-09, 0.121053, -0.00608648, -0.992628, -23.0766, 30.2801, -105.175 )

[node name="sitting_pillow5" parent="active_entities/zone_village" instance=ExtResource( 25 )]
transform = Transform( 0.814859, -0.040971, -0.57821, -0.05823, -0.99824, -0.0113287, -0.576728, 0.0429005, -0.81581, -22.0037, 30.4508, -103.86 )

[node name="pail" parent="active_entities/zone_village" instance=ExtResource( 26 )]
transform = Transform( -0.344026, 0.0172976, -0.938801, 0.0502164, 0.998738, 3.63729e-10, 0.937616, -0.0471432, -0.344461, -21.8289, 30.2988, -105.044 )

[node name="ruin1" parent="active_entities/zone_village" instance=ExtResource( 13 )]
transform = Transform( 0.987875, 0.155251, 0, -0.155251, 0.987875, 0, 0, 0, 1, 29.8781, 13.7155, -17.984 )

[node name="fountain" parent="active_entities/zone_village" instance=ExtResource( 12 )]
transform = Transform( 1, 0, 0, 0, 1, 0, 0, 0, 1, -25.1543, 15.4105, -59.4879 )

[node name="rock_kinematic" parent="active_entities/zone_village" instance=ExtResource( 11 )]
transform = Transform( 1, 0, 0, 0, 0.921182, -0.389133, 0, 0.389133, 0.921182, -12.4016, 15.9535, -27.5103 )
initial_velocity = 6.0
max_rotation_speed = Vector3( 0, 0.3, 0 )

[node name="rock_kinematic2" parent="active_entities/zone_village" instance=ExtResource( 11 )]
transform = Transform( 1, 0, 0, 0, 1, 0, 0, 0, 1, -23.5319, 16.2355, -45.1738 )
initial_velocity = 6.0
max_rotation_speed = Vector3( 0, 0.3, 0 )

[node name="gunner7" parent="active_entities/zone_village" instance=ExtResource( 5 )]
transform = Transform( 0.53559, 0, 0.844478, 0, 1, 0, -0.844478, 0, 0.53559, -24.324, 25.6759, -89.3922 )
mesh_node = NodePath("../gunner/Armature/Skeleton/gunner")

[node name="gunner" parent="active_entities/zone_village" instance=ExtResource( 5 )]
transform = Transform( -0.542712, 0, -0.839919, 0, 1, 0, 0.839919, 0, -0.542712, 29.1818, 15.3925, -17.5961 )

[node name="gunner2" parent="active_entities/zone_village" instance=ExtResource( 5 )]
transform = Transform( -0.764159, 0, 0.645028, 0, 1, 0, -0.645028, 0, -0.764159, -34.4167, 26.9075, -43.5385 )

[node name="gunner3" parent="active_entities/zone_village" instance=ExtResource( 5 )]
transform = Transform( 0.411069, 0, 0.911604, 0, 1, 0, -0.911604, 0, 0.411069, 0.538132, 13.4575, -81.7612 )

[node name="gunner4" parent="active_entities/zone_village" instance=ExtResource( 5 )]
transform = Transform( -0.826019, 0, 0.563642, 0, 1, 0, -0.563642, 0, -0.826019, -20.2768, 47.6655, 80.4561 )

[node name="gunner6" parent="active_entities/zone_village" instance=ExtResource( 5 )]
transform = Transform( -0.658093, 0, -0.752937, 0, 1, 0, 0.752937, 0, -0.658093, 12.2064, 43.9108, 74.714 )

[node name="gunner5" parent="active_entities/zone_village" instance=ExtResource( 5 )]
transform = Transform( 0.0423345, 0, -0.999103, 0, 1, 0, 0.999103, 0, 0.0423345, -15.3985, 24.7115, 18.7151 )

[node name="rock_collapsible" parent="active_entities/zone_village" instance=ExtResource( 2 )]
transform = Transform( 0.0481667, 0, 0.998839, 0, 1, 0, -0.998839, 0, 0.0481667, -34.1967, 26.1185, -43.5155 )

[node name="crawly" parent="active_entities/zone_village" instance=ExtResource( 22 )]
transform = Transform( 0.87159, 0, 0.490236, 0, 1, 0, -0.490236, 0, 0.87159, -3.90891, 10.4086, -102.544 )
cloaked = true

[node name="crawly2" parent="active_entities/zone_village" instance=ExtResource( 22 )]
transform = Transform( 0.921812, 0, 0.387639, 0, 1, 0, -0.387639, 0, 0.921812, -1.4895, 10.4086, -105.866 )
cloaked = true

[node name="gem_pickup5" parent="active_entities/zone_village" instance=ExtResource( 23 )]
transform = Transform( -0.908148, 0, 0.418649, 0, 1, 0, -0.418649, 0, -0.908148, -6.80072, 10.5957, -101.541 )

[node name="gem_pickup" parent="active_entities/zone_village" instance=ExtResource( 23 )]
transform = Transform( 1, 0, 0, 0, 1, 0, 0, 0, 1, -14.0036, 19.162, -80.496 )

[node name="gem_pickup2" parent="active_entities/zone_village" instance=ExtResource( 23 )]
transform = Transform( 1, 0, 0, 0, 1, 0, 0, 0, 1, -13.1833, 18.5331, -77.5306 )

[node name="gem_pickup3" parent="active_entities/zone_village" instance=ExtResource( 23 )]
transform = Transform( 1, 0, 0, 0, 1, 0, 0, 0, 1, -25.7819, 25.6861, -91.4405 )

[node name="gem_pickup4" parent="active_entities/zone_village" instance=ExtResource( 23 )]
transform = Transform( 1, 0, 0, 0, 1, 0, 0, 0, 1, -27.8241, 30.5697, -95.4639 )

[node name="rock_collapsible2" parent="active_entities/zone_village" instance=ExtResource( 2 )]
transform = Transform( 1, 0, 0, 0, 1, 0, 0, 0, 1, -27.8944, 22.2037, -85.672 )
