[gd_scene load_steps=36 format=2]

[ext_resource path="res://areas/chunk_content.gd" type="Script" id=1]
[ext_resource path="res://areas/chunks/chunk088_lowres.tscn" type="PackedScene" id=2]
[ext_resource path="res://entities/enemies/deathgnat.tscn" type="PackedScene" id=3]
[ext_resource path="res://items/bug_pickup.tscn" type="PackedScene" id=4]
[ext_resource path="res://entities/env/copper/scrap2.tscn" type="PackedScene" id=5]
[ext_resource path="res://entities/env/stone/pillar.tscn" type="PackedScene" id=6]
[ext_resource path="res://entities/env/copper/scrap1.tscn" type="PackedScene" id=7]
[ext_resource path="res://entities/env/copper/scrap_pile2.tscn" type="PackedScene" id=8]
[ext_resource path="res://entities/env/stone/wall1.tscn" type="PackedScene" id=9]
[ext_resource path="res://entities/env/stone/rock2.tscn" type="PackedScene" id=10]
[ext_resource path="res://entities/env/stone/rock1.tscn" type="PackedScene" id=11]
[ext_resource path="res://entities/water_hut.tscn" type="PackedScene" id=12]
[ext_resource path="res://entities/env/stone/fountain.tscn" type="PackedScene" id=13]
[ext_resource path="res://entities/env/stone/hut.tscn" type="PackedScene" id=14]
[ext_resource path="res://entities/env/copper/scrap_pile1.tscn" type="PackedScene" id=15]
[ext_resource path="res://entities/env/copper/scrap_pile3.tscn" type="PackedScene" id=16]
[ext_resource path="res://entities/npc/npc.tscn" type="PackedScene" id=17]
[ext_resource path="res://material/env/stone/bricks.material" type="Material" id=18]
[ext_resource path="res://entities/wardrobe.tscn" type="PackedScene" id=19]
[ext_resource path="res://items/gem_pickup.tscn" type="PackedScene" id=20]
[ext_resource path="res://items/coat_pickup.tscn" type="PackedScene" id=21]
[ext_resource path="res://entities/enemies/crawly.tscn" type="PackedScene" id=22]
[ext_resource path="res://dialog/water/chunk088.dialog" type="Resource" id=23]
[ext_resource path="res://games/jump_game.gd" type="Script" id=24]
[ext_resource path="res://entities/visual/flag.tscn" type="PackedScene" id=25]
[ext_resource path="res://icon.png" type="Texture" id=26]
[ext_resource path="res://dialog/side_content/jump_game.dialog" type="Resource" id=27]
[ext_resource path="res://entities/env/copper/palace_extension.tscn" type="PackedScene" id=28]
[ext_resource path="res://entities/env/copper/crate1.tscn" type="PackedScene" id=29]
[ext_resource path="res://items/ammo/pistol_pickup.tscn" type="PackedScene" id=30]
[ext_resource path="res://entities/env/stone/rock3.tscn" type="PackedScene" id=31]
[ext_resource path="res://entities/env/stone/hut_bath.tscn" type="PackedScene" id=34]
[ext_resource path="res://entities/env/furniture/sofa.tscn" type="PackedScene" id=35]

[sub_resource type="SpatialMaterial" id=2]
albedo_texture = ExtResource( 26 )

[sub_resource type="CylinderShape" id=1]
radius = 0.682553

[node name="chunk088" type="Spatial"]
script = ExtResource( 1 )
lighting_preview = true

[node name="chunk088" parent="." instance=ExtResource( 2 )]
script = null

[node name="zone_village" type="Spatial" parent="."]
transform = Transform( 1, 0, 0, 0, 1, 0, 0, 0, 1, 174.232, -247.694, 15.0024 )

[node name="rock3" parent="zone_village" instance=ExtResource( 11 )]
transform = Transform( -0.489369, 0.615368, -0.617932, 0.870593, 0.38604, -0.305025, 0.0508444, -0.687237, -0.724651, 35.3101, 4.16795, 18.7608 )

[node name="rock15" parent="zone_village" instance=ExtResource( 11 )]
transform = Transform( -0.264353, -0.182671, 0.946968, -0.469065, 0.882291, 0.0392523, -0.842672, -0.433813, -0.31892, 29.7391, 2.02695, 25.21 )

[node name="rock4" parent="zone_village" instance=ExtResource( 11 )]
transform = Transform( -0.489369, 0.615368, -0.617932, 0.870593, 0.38604, -0.305025, 0.0508444, -0.687237, -0.724651, -3.55394, -2.93105, 43.6236 )

[node name="hut4" parent="zone_village" instance=ExtResource( 14 )]
transform = Transform( -0.108988, 0, -0.994043, 0, 1, 0, 0.994043, 0, -0.108988, 25.9041, 0.0779572, 3.4766 )

[node name="hut5" parent="zone_village" instance=ExtResource( 14 )]
transform = Transform( -0.999843, 0, 0.0177141, 0, 1, 0, -0.0177141, 0, -0.999843, 7.13806, -1.92404, 35.8001 )

[node name="hut6" parent="zone_village" instance=ExtResource( 14 )]
transform = Transform( -0.948191, 0, -0.317702, 0, 1, 0, 0.317702, 0, -0.948191, 17.8771, -0.996048, 26.1789 )

[node name="wall4" parent="zone_village" instance=ExtResource( 9 )]
transform = Transform( 1, 0, 0, 0, 1, 0, 0, 0, 1, 38.2141, 1.26396, 10.2864 )

[node name="wall6" parent="zone_village" instance=ExtResource( 9 )]
transform = Transform( -0.356054, 0.0574783, 0.932696, 0.0821969, -0.992311, 0.0925306, 0.930843, 0.109611, 0.348592, -10.4489, 7.24695, 38.4529 )

[node name="pillar" parent="zone_village" instance=ExtResource( 6 )]
transform = Transform( 1, 0, 0, 0, 1, 0, 0, 0, 1, -32.0699, -5.47505, 24.5869 )

[node name="pillar6" parent="zone_village" instance=ExtResource( 6 )]
transform = Transform( 0.995968, 0, 0.0897112, 0, 1, 0, -0.0897112, 0, 0.995968, 4.92407, -7.10504, -41.8527 )

[node name="rock7" parent="zone_village" instance=ExtResource( 11 )]
transform = Transform( 1, 0, 0, 0, 1, 0, 0, 0, 1, 8.66406, -2.46904, -38.6567 )

[node name="rock8" parent="zone_village" instance=ExtResource( 11 )]
transform = Transform( -0.148897, -0.988853, 0, 0.988853, -0.148897, 0, 0, 0, 1, 21.7291, -2.46904, -32.3351 )

[node name="wall3" parent="zone_village" instance=ExtResource( 9 )]
transform = Transform( 0.862072, 0, 0.506786, 0, 1, 0, -0.506786, 0, 0.862072, 33.0301, 0.519958, -22.5056 )

[node name="scrap_pile3" parent="zone_village" instance=ExtResource( 8 )]
transform = Transform( -0.057696, -0.453459, 0.889408, 0.993281, 0.0634461, 0.0967818, -0.100316, 0.889016, 0.446751, 16.4771, -1.55005, -26.7742 )

[node name="hut3" parent="zone_village" instance=ExtResource( 14 )]
transform = Transform( 0.575277, 0, -0.817959, 0, 1, 0, 0.817959, 0, 0.575277, 13.6671, -2.21104, -16.701 )

[node name="wall5" parent="zone_village" instance=ExtResource( 9 )]
transform = Transform( 0.899054, 0, -0.437838, 0, 1, 0, 0.437838, 0, 0.899054, 37.9831, -3.23505, -2.6583 )

[node name="scrap_pile4" parent="zone_village" instance=ExtResource( 16 )]
transform = Transform( 0.252914, 0, -0.967489, 0, 1, 0, 0.967489, 0, 0.252914, 42.4201, 8.67896, -9.39178 )

[node name="scrap5" parent="zone_village" instance=ExtResource( 7 )]
transform = Transform( 0.133493, 0.908512, -0.395962, -0.989377, 0.145375, 0, 0.0575631, 0.391756, 0.918267, 38.7801, 7.18396, -5.76774 )

[node name="scrap6" parent="zone_village" instance=ExtResource( 5 )]
transform = Transform( 0.874535, -0.484962, 0, 0.484962, 0.874535, 0, 0, 0, 1, 42.6191, 6.73195, -10.2798 )

[node name="water_hut" parent="zone_village" instance=ExtResource( 12 )]
transform = Transform( 0.623143, 0, -0.782108, 0, 1, 0, 0.782108, 0, 0.623143, -0.437927, -2.17204, -2.3018 )
tracked_stat = "chunk088/water"

[node name="hut_bath" parent="zone_village" instance=ExtResource( 34 )]
transform = Transform( 0.0911366, 0, 0.995838, 0, 1, 0, -0.995838, 0, 0.0911366, 7.77107, -1.88205, -25.8152 )

[node name="rock13" parent="zone_village" instance=ExtResource( 11 )]
transform = Transform( 0.932311, 0.361657, 0, -0.361657, 0.932311, 0, 0, 0, 1, 18.7721, 2.01996, 36.4048 )

[node name="rock14" parent="zone_village" instance=ExtResource( 11 )]
transform = Transform( 0.22813, -0.973631, 0, 0.652042, 0.152779, 0.742631, -0.723048, -0.169416, 0.669701, 4.74007, 2.01996, 45.8544 )

[node name="scrap_pile1" parent="zone_village" instance=ExtResource( 15 )]
transform = Transform( 0.209346, 0.977842, 0, -0.977842, 0.209346, 0, 0, 0, 1, 33.3821, 8.01996, 30.0935 )

[node name="scrap_pile5" parent="zone_village" instance=ExtResource( 16 )]
transform = Transform( 0.6131, 0, 0.790005, 0, 1, 0, -0.790005, 0, 0.6131, 24.5221, 2.08195, 24.5523 )

[node name="pillar7" parent="zone_village" instance=ExtResource( 6 )]
transform = Transform( 0.995968, 0, 0.0897112, 0, 1, 0, -0.0897112, 0, 0.995968, -23.8969, -3.86905, -33.2443 )

[node name="rock11" parent="zone_village" instance=ExtResource( 11 )]
transform = Transform( 1, 0, 0, 0, 1, 0, 0, 0, 1, -22.1169, 0.445953, -39.2257 )

[node name="rock12" parent="zone_village" instance=ExtResource( 11 )]
transform = Transform( 1, 0, 0, 0, 0.0411956, 0.999151, 0, -0.999151, 0.0411956, -21.6569, -2.51505, -47.7504 )

[node name="wall1" parent="zone_village" instance=ExtResource( 9 )]
transform = Transform( 0.977127, 0, 0.212655, 0, 1, 0, -0.212655, 0, 0.977127, -33.2099, -3.09204, 20.7926 )

[node name="wall2" parent="zone_village" instance=ExtResource( 9 )]
transform = Transform( -0.990421, 0, 0.138084, 0, 1, 0, -0.138084, 0, -0.990421, -37.7589, -3.09204, -6.49204 )

[node name="rock1" parent="zone_village" instance=ExtResource( 11 )]
transform = Transform( 0.199778, 0, -0.979841, 0, 1, 0, 0.979841, 0, 0.199778, -40.9369, -2.06105, 7.4688 )

[node name="rock2" parent="zone_village" instance=ExtResource( 11 )]
transform = Transform( 0.0391424, 0.195906, -0.979841, -0.980618, 0.195929, 0, 0.191979, 0.96085, 0.199778, -25.9509, -2.06105, 26.7956 )

[node name="hut" parent="zone_village" instance=ExtResource( 14 )]
transform = Transform( 0.146722, 0, 0.989178, 0, 1, 0, -0.989178, 0, 0.146722, -22.2209, -2.21104, 7.5075 )

[node name="hut7" parent="zone_village" instance=ExtResource( 14 )]
transform = Transform( -0.714375, 0, 0.699763, 0, 1, 0, -0.699763, 0, -0.714375, -9.03394, -2.21104, 20.9383 )

[node name="hut2" parent="zone_village" instance=ExtResource( 14 )]
transform = Transform( 0.951073, 0, 0.308967, 0, 1, 0, -0.308967, 0, 0.951073, -15.3559, -2.21104, -17.0114 )

[node name="hut_bath2" parent="zone_village" instance=ExtResource( 34 )]
transform = Transform( -0.504286, 0, -0.863536, 0, 1, 0, 0.863536, 0, -0.504286, -19.4209, -1.84805, 18.8522 )

[node name="hut_bath3" parent="zone_village" instance=ExtResource( 34 )]
transform = Transform( -0.440722, 0, -0.897643, 0, 1, 0, 0.897643, 0, -0.440722, -3.78993, -1.84805, 31.4044 )

[node name="scrap7" parent="zone_village" instance=ExtResource( 7 )]
transform = Transform( 0.625052, 0, -0.780583, 0, 1, 0, 0.780583, 0, 0.625052, 8.75107, -1.16504, 11.0205 )

[node name="scrap_pile7" parent="zone_village/scrap7" instance=ExtResource( 16 )]
transform = Transform( -0.387902, 0, -0.921701, 0, 1, 0, 0.921701, 0, -0.387902, 1.1109, 4.3047, 1.50052 )

[node name="zone_bridge" type="Spatial" parent="."]
transform = Transform( 0.877685, 0, -0.479237, 0, 1, 0, 0.479237, 0, 0.877685, -51.4874, -29.6002, -0.739456 )

[node name="scrap2" parent="zone_bridge" instance=ExtResource( 5 )]
transform = Transform( -0.273835, 0, 0.961776, 0, 1, 0, -0.961776, 0, -0.273835, 6.29886, 5.78436, 26.2589 )

[node name="scrap_pile2" parent="zone_bridge" instance=ExtResource( 8 )]
transform = Transform( 0.988262, 0, -0.152768, 0, 1, 0, 0.152768, 0, 0.988262, -30.0591, -167.971, -7.12989 )

[node name="scrap3" parent="zone_bridge" instance=ExtResource( 5 )]
transform = Transform( 0.877685, 0, 0.479237, 0, 1, 0, -0.479237, 0, 0.877685, -27.8796, -193.439, -11.9008 )

[node name="scrap1" parent="zone_bridge" instance=ExtResource( 7 )]
transform = Transform( 0.877685, 0.45127, -0.16132, 0, -0.336619, -0.941641, -0.479237, 0.826464, -0.295446, -16.7452, -190.74, -8.7765 )

[node name="scrap4" parent="zone_bridge" instance=ExtResource( 5 )]
transform = Transform( 0.86053, 0.172685, 0.479237, -0.19675, 0.980454, 0, -0.46987, -0.09429, 0.877685, -1.92699, -170.854, 29.5939 )

[node name="zone_cliff" type="Spatial" parent="."]
transform = Transform( 1, 0, 0, 0, 1, 0, 0, 0, 1, 133.576, -166.175, 181.416 )

[node name="scrap_pile7" parent="zone_cliff" instance=ExtResource( 15 )]
transform = Transform( 0.814784, 0.579765, 0, -0.570088, 0.801184, 0.181944, 0.105485, -0.148245, 0.983309, 26.1428, 12.7103, 33.9384 )

[node name="zone_valley" type="Spatial" parent="."]
transform = Transform( 1, 0, 0, 0, 1, 0, 0, 0, 1, -182.663, -230.273, -31.0932 )

[node name="palace_extension" parent="zone_valley" instance=ExtResource( 28 )]
transform = Transform( 1, 0, 0, 0, 0.980067, 0.198667, 0, -0.198667, 0.980067, 29.2375, -25.1717, -95.6068 )

[node name="rock5" parent="zone_valley" instance=ExtResource( 11 )]
transform = Transform( 0.827453, 0.561535, 0, -0.561535, 0.827453, 0, 0, 0, 1, 105.935, 29.7483, -189.852 )

[node name="rock6" parent="zone_valley" instance=ExtResource( 10 )]
transform = Transform( 1, 0, 0, 0, 1, 0, 0, 0, 1, -48.4225, 58.1743, 188.711 )

[node name="rock9" parent="zone_valley" instance=ExtResource( 11 )]
transform = Transform( 1, 0, 0, 0, 0.162138, 0.986768, 0, -0.986768, 0.162138, 78.6325, -3.0097, -46.8197 )

[node name="rock10" parent="zone_valley" instance=ExtResource( 31 )]
transform = Transform( 1, 0, 0, 0, 1, 0, 0, 0, 1, -44.1275, -22.9387, -130.933 )

[node name="scrap_pile6" parent="zone_valley" instance=ExtResource( 15 )]
transform = Transform( 1, 0, 0, 0, 1, 0, 0, 0, 1, -52.6685, 40.4003, 189.321 )

[node name="active_entities" type="Spatial" parent="."]

[node name="zone_village" type="MultiMeshSystem" parent="active_entities"]
transform = Transform( 1, 0, 0, 0, 1, 0, 0, 0, 1, 174.232, -247.694, 15.0024 )

[node name="npc_guard2" parent="active_entities/zone_village" instance=ExtResource( 17 )]
transform = Transform( -0.122978, 0, 0.992409, 0, 1, 0, -0.992409, 0, -0.122978, 36.4741, 12.821, 14.3097 )

[node name="npc2" parent="active_entities/zone_village" instance=ExtResource( 17 )]
transform = Transform( -0.0889813, 0, 0.996033, 0, 1, 0, -0.996033, 0, -0.0889813, 16.5911, 3.08395, 25.862 )

[node name="npc3" parent="active_entities/zone_village" instance=ExtResource( 17 )]
transform = Transform( -0.73703, 0, 0.67586, 0, 1, 0, -0.67586, 0, -0.73703, 5.32007, -0.95105, 36.4846 )

[node name="npc5" parent="active_entities/zone_village" instance=ExtResource( 17 )]
transform = Transform( 0.490158, 0, -0.871633, 0, 1, 0, 0.871633, 0, 0.490158, -6.13594, -1.24104, 20.3578 )

[node name="npc6" parent="active_entities/zone_village" instance=ExtResource( 17 )]
transform = Transform( -0.699451, 0, 0.71468, 0, 1, 0, -0.71468, 0, -0.699451, -7.31093, -1.24104, 21.3135 )

[node name="npc" parent="active_entities/zone_village" instance=ExtResource( 17 )]
transform = Transform( -0.867496, 0, 0.497443, 0, 1, 0, -0.497443, 0, -0.867496, -21.9579, -1.21104, 9.9869 )

[node name="wardrobe" parent="active_entities/zone_village" instance=ExtResource( 19 )]
transform = Transform( 0.770658, 0, -0.637249, 0, 1, 0, 0.637249, 0, 0.770658, -20.1219, 1.87625, 5.0065 )

[node name="bug_pickup21" parent="active_entities/zone_village" instance=ExtResource( 4 )]
transform = Transform( 1, 0, 0, 0, 1, 0, 0, 0, 1, -22.7329, 14.4949, 4.2608 )

[node name="bug_pickup22" parent="active_entities/zone_village" instance=ExtResource( 4 )]
transform = Transform( 1, 0, 0, 0, 1, 0, 0, 0, 1, -42.5449, -0.0820465, 12.5975 )

[node name="gem_pickup33" parent="active_entities/zone_village" instance=ExtResource( 20 )]
transform = Transform( 1, 0, 0, 0, 1, 0, 0, 0, 1, -42.1969, 3.78496, 8.4912 )

[node name="bug_pickup11" parent="active_entities/zone_village" instance=ExtResource( 4 )]
transform = Transform( 1, 0, 0, 0, 1, 0, 0, 0, 1, -0.559937, 8.46695, -2.2145 )

[node name="gem_pickup30" parent="active_entities/zone_village" instance=ExtResource( 20 )]
transform = Transform( 1, 0, 0, 0, 1, 0, 0, 0, 1, -0.440933, 6.17595, -5.65818 )

[node name="gem_pickup31" parent="active_entities/zone_village" instance=ExtResource( 20 )]
transform = Transform( 1, 0, 0, 0, 1, 0, 0, 0, 1, -3.04094, 6.16896, -4.4665 )

[node name="gem_pickup32" parent="active_entities/zone_village" instance=ExtResource( 20 )]
transform = Transform( 1, 0, 0, 0, 1, 0, 0, 0, 1, -3.61993, 6.17395, -1.2006 )

[node name="sofa" parent="active_entities/zone_village" instance=ExtResource( 35 )]
transform = Transform( 0.403545, 0, -0.91496, 0, 1, 0, 0.91496, 0, 0.403545, -12.5049, -1.21104, 22.8475 )

[node name="sofa2" parent="active_entities/zone_village" instance=ExtResource( 35 )]
transform = Transform( -0.934055, 0, 0.357129, 0, 1, 0, -0.357129, 0, -0.934055, -7.74893, 1.86496, 17.7542 )

[node name="CSGSphere" type="CSGSphere" parent="active_entities/zone_village"]
transform = Transform( 0.777805, 0.624588, 0.0700603, -0.62694, 0.76317, 0.156582, 0.0443319, -0.165715, 0.985176, -26.652, 13.5546, -34.2757 )
use_collision = true
radial_segments = 7
rings = 5
material = ExtResource( 18 )

[node name="npc_guard" parent="active_entities/zone_village" instance=ExtResource( 17 )]
transform = Transform( 0.00916293, 0, -0.999958, 0, 1, 0, 0.999958, 0, 0.00916293, -26.8449, 14.438, -34.2595 )

[node name="npc4" parent="active_entities/zone_village" instance=ExtResource( 17 )]
transform = Transform( 1, 0, 0, 0, 1, 0, 0, 0, 1, -15.0659, 1.85995, -17.833 )

[node name="bug_pickup12" parent="active_entities/zone_village" instance=ExtResource( 4 )]
transform = Transform( 1, 0, 0, 0, 1, 0, 0, 0, 1, -37.7479, 11.86, -9.98748 )

[node name="bug_pickup20" parent="active_entities/zone_village" instance=ExtResource( 4 )]
transform = Transform( 1, 0, 0, 0, 1, 0, 0, 0, 1, -12.4649, 14.4949, -19.2091 )

[node name="gem_pickup28" parent="active_entities/zone_village" instance=ExtResource( 20 )]
transform = Transform( 1, 0, 0, 0, 1, 0, 0, 0, 1, -38.9089, 17.4559, -20.1602 )

[node name="gem_pickup29" parent="active_entities/zone_village" instance=ExtResource( 20 )]
transform = Transform( 1, 0, 0, 0, 1, 0, 0, 0, 1, -37.3179, 16.279, -23.2052 )

[node name="gem_pickup35" parent="active_entities/zone_village" instance=ExtResource( 20 )]
transform = Transform( 1, 0, 0, 0, 1, 0, 0, 0, 1, -47.1289, 10.324, -26.3305 )

[node name="gem_pickup36" parent="active_entities/zone_village" instance=ExtResource( 20 )]
transform = Transform( 1, 0, 0, 0, 1, 0, 0, 0, 1, -46.6329, 12.315, -24.1417 )

[node name="gem_pickup37" parent="active_entities/zone_village" instance=ExtResource( 20 )]
transform = Transform( 1, 0, 0, 0, 1, 0, 0, 0, 1, -44.7189, 14.332, -22.2031 )

[node name="sofa4" parent="active_entities/zone_village" instance=ExtResource( 35 )]
transform = Transform( 0.747787, 0, 0.663939, 0, 1, 0, -0.663939, 0, 0.747787, -12.7849, 1.89595, -14.2798 )

[node name="fountain" parent="active_entities/zone_village" instance=ExtResource( 13 )]
transform = Transform( 1, 0, 0, 0, 1, 0, 0, 0, 1, -0.485931, -2.26965, -2.7139 )

[node name="gem_pickup34" parent="active_entities/zone_village" instance=ExtResource( 20 )]
transform = Transform( 1, 0, 0, 0, 1, 0, 0, 0, 1, -42.8219, 3.47496, 6.4824 )

[node name="npc_water_tender" parent="active_entities/zone_village" instance=ExtResource( 17 )]
transform = Transform( 1, 0, 0, 0, 1, 0, 0, 0, 1, 6.77606, -1.79805, 2.7567 )
dialog = ExtResource( 23 )
visual_name = "Water-tender"

[node name="npc_roof" parent="active_entities/zone_village" instance=ExtResource( 17 )]
transform = Transform( 1, 0, 0, 0, 1, 0, 0, 0, 1, 14.6021, 6.25195, -13.8226 )

[node name="bug_pickup17" parent="active_entities/zone_village" instance=ExtResource( 4 )]
transform = Transform( 1, 0, 0, 0, 1, 0, 0, 0, 1, 45.7321, 8.81795, -10.2752 )

[node name="bug_pickup18" parent="active_entities/zone_village" instance=ExtResource( 4 )]
transform = Transform( 1, 0, 0, 0, 1, 0, 0, 0, 1, 22.1871, 1.16995, -23.8088 )

[node name="bug_pickup19" parent="active_entities/zone_village" instance=ExtResource( 4 )]
transform = Transform( 1, 0, 0, 0, 1, 0, 0, 0, 1, 3.03607, 11.16, -41.275 )

[node name="gem_pickup2" parent="active_entities/zone_village" instance=ExtResource( 20 )]
transform = Transform( 1, 0, 0, 0, 1, 0, 0, 0, 1, 29.0541, 7.58595, -0.910604 )

[node name="gem_pickup3" parent="active_entities/zone_village" instance=ExtResource( 20 )]
transform = Transform( 1, 0, 0, 0, 1, 0, 0, 0, 1, 13.9301, 8.21396, -16.7263 )

[node name="gem_pickup4" parent="active_entities/zone_village" instance=ExtResource( 20 )]
transform = Transform( 1, 0, 0, 0, 1, 0, 0, 0, 1, 20.6141, 4.72595, -21.1104 )

[node name="gem_pickup5" parent="active_entities/zone_village" instance=ExtResource( 20 )]
transform = Transform( 1, 0, 0, 0, 1, 0, 0, 0, 1, 16.5181, 6.88196, -26.588 )

[node name="gem_pickup6" parent="active_entities/zone_village" instance=ExtResource( 20 )]
transform = Transform( 1, 0, 0, 0, 1, 0, 0, 0, 1, 18.4601, 6.49596, -25.2231 )

[node name="gem_pickup7" parent="active_entities/zone_village" instance=ExtResource( 20 )]
transform = Transform( 1, 0, 0, 0, 1, 0, 0, 0, 1, 15.8541, 11.44, -31.7039 )

[node name="gem_pickup8" parent="active_entities/zone_village" instance=ExtResource( 20 )]
transform = Transform( 1, 0, 0, 0, 1, 0, 0, 0, 1, 15.5381, 10.528, -31.3418 )

[node name="gem_pickup9" parent="active_entities/zone_village" instance=ExtResource( 20 )]
transform = Transform( 1, 0, 0, 0, 1, 0, 0, 0, 1, 14.9391, 9.31195, -31.1721 )

[node name="gem_pickup10" parent="active_entities/zone_village" instance=ExtResource( 20 )]
transform = Transform( 1, 0, 0, 0, 1, 0, 0, 0, 1, 21.3441, 1.15695, -24.5343 )

[node name="gem_pickup11" parent="active_entities/zone_village" instance=ExtResource( 20 )]
transform = Transform( 1, 0, 0, 0, 1, 0, 0, 0, 1, 20.4381, 1.07596, -25.1954 )

[node name="gem_pickup12" parent="active_entities/zone_village" instance=ExtResource( 20 )]
transform = Transform( 1, 0, 0, 0, 1, 0, 0, 0, 1, 19.2741, 0.965958, -26.0205 )

[node name="gem_pickup13" parent="active_entities/zone_village" instance=ExtResource( 20 )]
transform = Transform( 1, 0, 0, 0, 1, 0, 0, 0, 1, 31.1021, 10.202, -19.5756 )

[node name="bug_pickup26" parent="active_entities/zone_village" instance=ExtResource( 4 )]
transform = Transform( 1, 0, 0, 0, 1, 0, 0, 0, 1, 22.9601, 1.12195, -32.9889 )

[node name="gem_pickup42" parent="active_entities/zone_village" instance=ExtResource( 20 )]
transform = Transform( 1, 0, 0, 0, 1, 0, 0, 0, 1, 10.7401, 9.57095, -49.1228 )

[node name="sofa3" parent="active_entities/zone_village" instance=ExtResource( 35 )]
transform = Transform( -0.469533, 0, -0.882915, 0, 1, 0, 0.882915, 0, -0.469533, 10.7321, -1.21104, -18.8122 )

[node name="coat_pickup" parent="active_entities/zone_village" instance=ExtResource( 21 )]
transform = Transform( -0.848113, 0, 0.529816, 0, 1, 0, -0.529816, 0, -0.848113, 13.7461, 1.86696, -15.9014 )
min_rarity = 1
max_rarity = 2

[node name="CSGSphere2" type="CSGSphere" parent="active_entities/zone_village"]
transform = Transform( 0.480499, 0.868127, 0.124404, -0.875874, 0.467861, 0.118111, 0.0443318, -0.165714, 0.985176, 36.4221, 11.925, 14.1802 )
use_collision = true
radial_segments = 7
rings = 5
material = ExtResource( 18 )

[node name="npc_mom" parent="active_entities/zone_village" instance=ExtResource( 17 )]
transform = Transform( -0.386679, 0, -0.922214, 0, 1, 0, 0.922214, 0, -0.386679, 14.3691, -1.32304, 12.843 )

[node name="bug_pickup23" parent="active_entities/zone_village" instance=ExtResource( 4 )]
transform = Transform( 0.117589, 0, 0.993062, 0, 1, 0, -0.993062, 0, 0.117589, -19.7469, -0.897049, -42.9938 )

[node name="gem_pickup38" parent="active_entities/zone_village" instance=ExtResource( 20 )]
transform = Transform( 1, 0, 0, 0, 1, 0, 0, 0, 1, -21.6759, 1.03096, -48.1321 )

[node name="gem_pickup39" parent="active_entities/zone_village" instance=ExtResource( 20 )]
transform = Transform( 1, 0, 0, 0, 1, 0, 0, 0, 1, -21.4469, 0.871948, -44.7592 )

[node name="gem_pickup40" parent="active_entities/zone_village" instance=ExtResource( 20 )]
transform = Transform( 1, 0, 0, 0, 1, 0, 0, 0, 1, -22.1869, 6.01096, -41.5851 )

[node name="gem_pickup41" parent="active_entities/zone_village" instance=ExtResource( 20 )]
transform = Transform( 1, 0, 0, 0, 1, 0, 0, 0, 1, -10.9689, 16.963, -43.3062 )

[node name="bug_pickup13" parent="active_entities/zone_village" instance=ExtResource( 4 )]
transform = Transform( 1, 0, 0, 0, 1, 0, 0, 0, 1, -5.61794, 11.841, 38.1053 )

[node name="bug_pickup14" parent="active_entities/zone_village" instance=ExtResource( 4 )]
transform = Transform( 1, 0, 0, 0, 1, 0, 0, 0, 1, 12.0321, 1.35596, 42.1888 )

[node name="bug_pickup15" parent="active_entities/zone_village" instance=ExtResource( 4 )]
transform = Transform( 1, 0, 0, 0, 1, 0, 0, 0, 1, 34.6581, 5.21196, 24.2047 )

[node name="bug_pickup16" parent="active_entities/zone_village" instance=ExtResource( 4 )]
transform = Transform( 1, 0, 0, 0, 1, 0, 0, 0, 1, 38.6651, 3.47795, 12.9527 )

[node name="bug_pickup24" parent="active_entities/zone_village" instance=ExtResource( 4 )]
transform = Transform( 0.0185867, 0, 0.999827, 0, 1, 0, -0.999827, 0, 0.0185867, 7.64906, 11.1499, 14.6208 )

[node name="gem_pickup" parent="active_entities/zone_village" instance=ExtResource( 20 )]
transform = Transform( 1, 0, 0, 0, 1, 0, 0, 0, 1, 25.8231, 10.45, 3.6598 )

[node name="gem_pickup14" parent="active_entities/zone_village" instance=ExtResource( 20 )]
transform = Transform( 1, 0, 0, 0, 1, 0, 0, 0, 1, 34.7691, 11.843, 13.4449 )

[node name="gem_pickup15" parent="active_entities/zone_village" instance=ExtResource( 20 )]
transform = Transform( 1, 0, 0, 0, 1, 0, 0, 0, 1, 34.9551, 7.68396, 26.822 )

[node name="gem_pickup16" parent="active_entities/zone_village" instance=ExtResource( 20 )]
transform = Transform( 1, 0, 0, 0, 1, 0, 0, 0, 1, 34.7831, 6.46196, 29.0201 )

[node name="gem_pickup17" parent="active_entities/zone_village" instance=ExtResource( 20 )]
transform = Transform( 1, 0, 0, 0, 1, 0, 0, 0, 1, 34.6661, 5.95496, 27.76 )

[node name="gem_pickup18" parent="active_entities/zone_village" instance=ExtResource( 20 )]
transform = Transform( 1, 0, 0, 0, 1, 0, 0, 0, 1, 34.7121, 7.26396, 30.3457 )

[node name="gem_pickup19" parent="active_entities/zone_village" instance=ExtResource( 20 )]
transform = Transform( 1, 0, 0, 0, 1, 0, 0, 0, 1, 34.8821, 8.63896, 31.4951 )

[node name="gem_pickup20" parent="active_entities/zone_village" instance=ExtResource( 20 )]
transform = Transform( 1, 0, 0, 0, 1, 0, 0, 0, 1, 18.3051, 8.50496, 35.9194 )

[node name="gem_pickup21" parent="active_entities/zone_village" instance=ExtResource( 20 )]
transform = Transform( 1, 0, 0, 0, 1, 0, 0, 0, 1, 19.6101, 8.60495, 36.0493 )

[node name="gem_pickup22" parent="active_entities/zone_village" instance=ExtResource( 20 )]
transform = Transform( 1, 0, 0, 0, 1, 0, 0, 0, 1, 21.1311, 7.97896, 37.1107 )

[node name="gem_pickup23" parent="active_entities/zone_village" instance=ExtResource( 20 )]
transform = Transform( 1, 0, 0, 0, 1, 0, 0, 0, 1, 22.1111, 7.35495, 37.031 )

[node name="bug_pickup25" parent="active_entities/zone_village" instance=ExtResource( 4 )]
transform = Transform( 1, 0, 0, 0, 1, 0, 0, 0, 1, 20.0611, 11.916, 38.084 )

[node name="gem_pickup24" parent="active_entities/zone_village" instance=ExtResource( 20 )]
transform = Transform( 1, 0, 0, 0, 1, 0, 0, 0, 1, 10.8331, 6.72595, 45.0174 )

[node name="gem_pickup25" parent="active_entities/zone_village" instance=ExtResource( 20 )]
transform = Transform( 1, 0, 0, 0, 1, 0, 0, 0, 1, 13.4191, 6.88396, 44.3193 )

[node name="gem_pickup26" parent="active_entities/zone_village" instance=ExtResource( 20 )]
transform = Transform( 1, 0, 0, 0, 1, 0, 0, 0, 1, 16.0451, 7.14395, 43.3729 )

[node name="gem_pickup27" parent="active_entities/zone_village" instance=ExtResource( 20 )]
transform = Transform( 1, 0, 0, 0, 1, 0, 0, 0, 1, 18.6031, 7.37596, 42.497 )

[node name="game_088" type="Spatial" parent="active_entities/zone_village"]
transform = Transform( 1, 0, 0, 0, 1, 0, 0, 0, 1, 8.97107, -1.58905, 11.5093 )
script = ExtResource( 24 )

[node name="npc_tyler" parent="active_entities/zone_village/game_088" instance=ExtResource( 17 )]
transform = Transform( 1, 0, 0, 0, 1, 0, 0, 0, 1, 1.60927, 2.52747, -0.192726 )
dialog = ExtResource( 27 )
visual_name = "Child"
model_scale = 0.75

[node name="npc_tyler2" parent="active_entities/zone_village/game_088" instance=ExtResource( 17 )]
transform = Transform( 0.378616, 0, -0.925554, 0, 1, 0, 0.925554, 0, 0.378616, 0.771271, -0.029541, -2.43333 )
dialog = ExtResource( 27 )
visual_name = "Child"
model_scale = 0.75

[node name="npc_tyler4" parent="active_entities/zone_village/game_088" instance=ExtResource( 17 )]
transform = Transform( 0.378616, 0, -0.925554, 0, 1, 0, 0.925554, 0, 0.378616, -2.60197, 2.48436, -0.0149593 )
dialog = ExtResource( 27 )
visual_name = "Child"
model_scale = 0.75

[node name="npc_tyler3" parent="active_entities/zone_village/game_088" instance=ExtResource( 17 )]
transform = Transform( -0.835846, 0, 0.548965, 0, 1, 0, -0.548965, 0, -0.835846, 3.80908, 0.172653, -0.941528 )
dialog = ExtResource( 27 )
visual_name = "Child"
model_scale = 0.75

[node name="game_target" type="Area" parent="active_entities/zone_village/game_088"]
transform = Transform( 1, 0, 0, 0, 1, 0, 0, 0, 1, -1.21182, 7.42804, 2.80527 )
collision_layer = 0
collision_mask = 2

[node name="flag" parent="active_entities/zone_village/game_088/game_target" instance=ExtResource( 25 )]
transform = Transform( 1, 0, 0, 0, 1, 0, 0, 0, 1, 0.00909424, 0.175064, -0.316999 )
flag_material = SubResource( 2 )

[node name="CollisionShape" type="CollisionShape" parent="active_entities/zone_village/game_088/game_target"]
shape = SubResource( 1 )

[node name="game_start" type="Spatial" parent="active_entities/zone_village/game_088"]
transform = Transform( 1, 0, 0, 0, 1, 0, 0, 0, 1, 1.82434, 0, -4.92159 )

[node name="zone_bridge" type="MultiMeshSystem" parent="active_entities"]
transform = Transform( 0.877685, 0, -0.479237, 0, 1, 0, 0.479237, 0, 0.877685, -51.4874, -29.6002, -0.739456 )

[node name="bug_pickup" parent="active_entities/zone_bridge" instance=ExtResource( 4 )]
transform = Transform( 0.877685, 0, 0.479237, 0, 1, 0, -0.479237, 0, 0.877685, -45.5648, -10.3658, -218.776 )

[node name="bug_pickup2" parent="active_entities/zone_bridge" instance=ExtResource( 4 )]
transform = Transform( 0.877685, 0, 0.479237, 0, 1, 0, -0.479237, 0, 0.877685, -39.9084, -10.3658, -197.376 )

[node name="bug_pickup3" parent="active_entities/zone_bridge" instance=ExtResource( 4 )]
transform = Transform( 0.877685, 0, 0.479237, 0, 1, 0, -0.479237, 0, 0.877685, -35.5485, -10.3658, -174.63 )

[node name="bug_pickup4" parent="active_entities/zone_bridge" instance=ExtResource( 4 )]
transform = Transform( 0.877685, 0, 0.479237, 0, 1, 0, -0.479237, 0, 0.877685, -31.4992, -17.3938, -142.191 )

[node name="bug_pickup5" parent="active_entities/zone_bridge" instance=ExtResource( 4 )]
transform = Transform( 0.877685, 0, 0.479237, 0, 1, 0, -0.479237, 0, 0.877685, -29.6744, -17.3938, -117.689 )

[node name="bug_pickup6" parent="active_entities/zone_bridge" instance=ExtResource( 4 )]
transform = Transform( 0.877685, 0, 0.479237, 0, 1, 0, -0.479237, 0, 0.877685, -4.55208, -17.3938, -55.5315 )

[node name="bug_pickup7" parent="active_entities/zone_bridge" instance=ExtResource( 4 )]
transform = Transform( 0.877685, 0, 0.479237, 0, 1, 0, -0.479237, 0, 0.877685, 4.84354, 11.7674, -25.1756 )

[node name="bug_pickup8" parent="active_entities/zone_bridge" instance=ExtResource( 4 )]
transform = Transform( 0.877685, 0, 0.479237, 0, 1, 0, -0.479237, 0, 0.877685, 4.47655, 5.05106, 6.82835 )

[node name="bug_pickup9" parent="active_entities/zone_bridge" instance=ExtResource( 4 )]
transform = Transform( 0.877685, 0, 0.479237, 0, 1, 0, -0.479237, 0, 0.877685, 8.29392, -6.39354, 32.4573 )

[node name="bug_pickup10" parent="active_entities/zone_bridge" instance=ExtResource( 4 )]
transform = Transform( 0.877685, 0, 0.479237, 0, 1, 0, -0.479237, 0, 0.877685, 4.87239, -70.7198, 36.5609 )

[node name="deathgnat2" parent="active_entities/zone_bridge" instance=ExtResource( 3 )]
transform = Transform( 0.563762, 0, 0.825937, 0, 1, 0, -0.825937, 0, 0.563762, -36.9764, -155.738, -6.12675 )
drops_coat = true
minimum_rarity = 2
maximum_rarity = 4
health = 150
speed = 6.0

[node name="crawly" parent="active_entities/zone_bridge" instance=ExtResource( 22 )]
transform = Transform( 0.877685, 0, 0.479237, 0, 1, 0, -0.479237, 0, 0.877685, -31.1689, -165.442, -2.28719 )

[node name="bug_pickup27" parent="active_entities/zone_bridge" instance=ExtResource( 4 )]
transform = Transform( 0.877685, 0, 0.479237, 0, 1, 0, -0.479237, 0, 0.877685, -33.9398, -165.321, -4.12256 )

[node name="bug_pickup28" parent="active_entities/zone_bridge" instance=ExtResource( 4 )]
transform = Transform( 0.877685, 0, 0.479237, 0, 1, 0, -0.479237, 0, 0.877685, -28.9803, -166.351, -2.95903 )

[node name="bug_pickup29" parent="active_entities/zone_bridge" instance=ExtResource( 4 )]
transform = Transform( 0.877685, 0, 0.479237, 0, 1, 0, -0.479237, 0, 0.877685, -30.2568, -165.742, 0.0427551 )

[node name="bug_pickup30" parent="active_entities/zone_bridge" instance=ExtResource( 4 )]
transform = Transform( 0.877685, 0, 0.479237, 0, 1, 0, -0.479237, 0, 0.877685, -35.3172, -160.99, 20.0886 )

[node name="bug_pickup31" parent="active_entities/zone_bridge" instance=ExtResource( 4 )]
transform = Transform( 0.877685, 0, 0.479237, 0, 1, 0, -0.479237, 0, 0.877685, -22.6405, -170.364, -30.2371 )

[node name="gem_pickup43" parent="active_entities/zone_bridge" instance=ExtResource( 20 )]
transform = Transform( 0.877685, 0, 0.479237, 0, 1, 0, -0.479237, 0, 0.877685, -26.312, -166.848, -5.21458 )
quantity = 3

[node name="gem_pickup44" parent="active_entities/zone_bridge" instance=ExtResource( 20 )]
transform = Transform( 0.877685, 0, 0.479237, 0, 1, 0, -0.479237, 0, 0.877685, -29.233, -166.508, -4.91735 )
quantity = 3

[node name="gem_pickup45" parent="active_entities/zone_bridge" instance=ExtResource( 20 )]
transform = Transform( 0.877685, 0, 0.479237, 0, 1, 0, -0.479237, 0, 0.877685, -31.7743, -166.078, -4.24677 )
quantity = 3

[node name="gem_pickup46" parent="active_entities/zone_bridge" instance=ExtResource( 20 )]
transform = Transform( 0.877685, 0, 0.479237, 0, 1, 0, -0.479237, 0, 0.877685, -28.8148, -166.933, -7.1257 )
quantity = 3

[node name="gem_pickup47" parent="active_entities/zone_bridge" instance=ExtResource( 20 )]
transform = Transform( 0.877685, 0, 0.479237, 0, 1, 0, -0.479237, 0, 0.877685, -31.2428, -166.373, -5.77944 )
quantity = 3

[node name="gem_pickup48" parent="active_entities/zone_bridge" instance=ExtResource( 20 )]
transform = Transform( 0.877685, 0, 0.479237, 0, 1, 0, -0.479237, 0, 0.877685, -17.2782, -189.529, -9.83402 )

[node name="gem_pickup49" parent="active_entities/zone_bridge" instance=ExtResource( 20 )]
transform = Transform( 0.877685, 0, 0.479237, 0, 1, 0, -0.479237, 0, 0.877685, -15.2141, -188.501, -6.64494 )

[node name="gem_pickup50" parent="active_entities/zone_bridge" instance=ExtResource( 20 )]
transform = Transform( 0.877685, 0, 0.479237, 0, 1, 0, -0.479237, 0, 0.877685, -16.4279, -188.666, -6.0159 )

[node name="gem_pickup51" parent="active_entities/zone_bridge" instance=ExtResource( 20 )]
transform = Transform( 0.877685, 0, 0.479237, 0, 1, 0, -0.479237, 0, 0.877685, -27.5879, -193.167, -12.1021 )

[node name="gem_pickup52" parent="active_entities/zone_bridge" instance=ExtResource( 20 )]
transform = Transform( 0.877685, 0, 0.479237, 0, 1, 0, -0.479237, 0, 0.877685, -29.4051, -192.983, -11.0947 )

[node name="gem_pickup53" parent="active_entities/zone_bridge" instance=ExtResource( 20 )]
transform = Transform( 0.877685, 0, 0.479237, 0, 1, 0, -0.479237, 0, 0.877685, -31.4036, -192.792, -10.0977 )

[node name="gem_pickup54" parent="active_entities/zone_bridge" instance=ExtResource( 20 )]
transform = Transform( 0.877685, 0, 0.479237, 0, 1, 0, -0.479237, 0, 0.877685, -25.4572, -169.324, -18.6607 )

[node name="gem_pickup55" parent="active_entities/zone_bridge" instance=ExtResource( 20 )]
transform = Transform( 0.877685, 0, 0.479237, 0, 1, 0, -0.479237, 0, 0.877685, -24.1701, -169.494, -23.0056 )

[node name="gem_pickup56" parent="active_entities/zone_bridge" instance=ExtResource( 20 )]
transform = Transform( 0.877685, 0, 0.479237, 0, 1, 0, -0.479237, 0, 0.877685, -23.4817, -169.871, -26.2048 )

[node name="gem_pickup57" parent="active_entities/zone_bridge" instance=ExtResource( 20 )]
transform = Transform( 0.877685, 0, 0.479237, 0, 1, 0, -0.479237, 0, 0.877685, -34.8145, -161.765, 17.3848 )

[node name="gem_pickup58" parent="active_entities/zone_bridge" instance=ExtResource( 20 )]
transform = Transform( 0.877685, 0, 0.479237, 0, 1, 0, -0.479237, 0, 0.877685, -33.8872, -162.723, 13.9203 )

[node name="gem_pickup59" parent="active_entities/zone_bridge" instance=ExtResource( 20 )]
transform = Transform( 0.877685, 0, 0.479237, 0, 1, 0, -0.479237, 0, 0.877685, -32.8597, -164.02, 9.35597 )

[node name="bug_pickup32" parent="active_entities/zone_bridge" instance=ExtResource( 4 )]
transform = Transform( 0.877685, 0, 0.479237, 0, 1, 0, -0.479237, 0, 0.877685, -2.21576, -170.427, 29.7687 )

[node name="gem_pickup60" parent="active_entities/zone_bridge" instance=ExtResource( 20 )]
transform = Transform( 0.877685, 0, 0.479237, 0, 1, 0, -0.479237, 0, 0.877685, 1.63094, -171.799, 27.3918 )

[node name="gem_pickup61" parent="active_entities/zone_bridge" instance=ExtResource( 20 )]
transform = Transform( 0.877685, 0, 0.479237, 0, 1, 0, -0.479237, 0, 0.877685, -5.10277, -169.498, 31.2227 )

[node name="bug_pickup33" parent="active_entities/zone_bridge" instance=ExtResource( 4 )]
transform = Transform( 0.877685, 0, 0.479237, 0, 1, 0, -0.479237, 0, 0.877685, 10.0099, 4.08266, 61.1663 )

[node name="gem_pickup62" parent="active_entities/zone_bridge" instance=ExtResource( 20 )]
transform = Transform( 0.877685, 0, 0.479237, 0, 1, 0, -0.479237, 0, 0.877685, 10.1497, 0.677662, 50.4777 )
quantity = 3

[node name="gem_pickup63" parent="active_entities/zone_bridge" instance=ExtResource( 20 )]
transform = Transform( 0.877685, 0, 0.479237, 0, 1, 0, -0.479237, 0, 0.877685, 10.1732, -0.0491371, 48.8338 )
quantity = 3

[node name="gem_pickup64" parent="active_entities/zone_bridge" instance=ExtResource( 20 )]
transform = Transform( 0.877685, 0, 0.479237, 0, 1, 0, -0.479237, 0, 0.877685, 10.277, -0.846138, 47.2865 )
quantity = 3

[node name="gem_pickup65" parent="active_entities/zone_bridge" instance=ExtResource( 20 )]
transform = Transform( 0.877685, 0, 0.479237, 0, 1, 0, -0.479237, 0, 0.877685, 11.7651, -10.79, 98.3165 )

[node name="gem_pickup66" parent="active_entities/zone_bridge" instance=ExtResource( 20 )]
transform = Transform( 0.877685, 0, 0.479237, 0, 1, 0, -0.479237, 0, 0.877685, 11.5234, -10.2722, 96.3909 )

[node name="gem_pickup67" parent="active_entities/zone_bridge" instance=ExtResource( 20 )]
transform = Transform( 0.877685, 0, 0.479237, 0, 1, 0, -0.479237, 0, 0.877685, 11.2972, -9.85234, 94.8339 )

[node name="bug_pickup34" parent="active_entities/zone_bridge" instance=ExtResource( 4 )]
transform = Transform( 0.877685, 0, 0.479237, 0, 1, 0, -0.479237, 0, 0.877685, 11.2471, -9.16174, 92.5195 )

[node name="bug_pickup35" parent="active_entities/zone_bridge" instance=ExtResource( 4 )]
transform = Transform( 0.877685, 0, 0.479237, 0, 1, 0, -0.479237, 0, 0.877685, 15.4784, -43.5294, 147.258 )

[node name="gem_pickup68" parent="active_entities/zone_bridge" instance=ExtResource( 20 )]
transform = Transform( 0.877685, 0, 0.479237, 0, 1, 0, -0.479237, 0, 0.877685, 12.1241, -35.7751, 141.111 )

[node name="gem_pickup69" parent="active_entities/zone_bridge" instance=ExtResource( 20 )]
transform = Transform( 0.877685, 0, 0.479237, 0, 1, 0, -0.479237, 0, 0.877685, 17.5692, -30.8705, 134.634 )

[node name="gem_pickup70" parent="active_entities/zone_bridge" instance=ExtResource( 20 )]
transform = Transform( 0.877685, 0, 0.479237, 0, 1, 0, -0.479237, 0, 0.877685, 10.9286, -25.5939, 128.307 )

[node name="gem_pickup71" parent="active_entities/zone_bridge" instance=ExtResource( 20 )]
transform = Transform( 0.877685, 0, 0.479237, 0, 1, 0, -0.479237, 0, 0.877685, 16.3966, -21.4218, 121.791 )

[node name="gem_pickup72" parent="active_entities/zone_bridge" instance=ExtResource( 20 )]
transform = Transform( 0.877685, 0, 0.479237, 0, 1, 0, -0.479237, 0, 0.877685, 9.50682, -13.5974, 110.387 )

[node name="bug_pickup36" parent="active_entities/zone_bridge" instance=ExtResource( 4 )]
