[gd_scene load_steps=5 format=2]

[ext_resource path="res://areas/chunk_content.gd" type="Script" id=1]
[ext_resource path="res://entities/env/stone/pillar.tscn" type="PackedScene" id=2]
[ext_resource path="res://entities/env/stone/rock3.tscn" type="PackedScene" id=3]
[ext_resource path="res://entities/env/stone/rock2.tscn" type="PackedScene" id=4]

[node name="chunk077" type="Spatial"]
script = ExtResource( 1 )

[node name="pillar" parent="." instance=ExtResource( 2 )]
transform = Transform( 1, 0, 0, 0, 1, 0, 0, 0, 1, 28.5791, -252, 142.072 )

[node name="pillar2" parent="pillar" instance=ExtResource( 2 )]
transform = Transform( 0.280468, -0.0372231, -0.959141, 0.131564, 0.991308, 3.69291e-09, 0.950804, -0.126189, 0.282927, 12.093, 0, 12.952 )

[node name="pillar3" parent="pillar" instance=ExtResource( 2 )]
transform = Transform( -0.0565708, 0, 0.998399, 0, 1, 0, -0.998399, 0, -0.0565708, 14.6305, 0, -2.53651 )

[node name="rock2" parent="pillar" instance=ExtResource( 4 )]
transform = Transform( 1, 0, 0, 0, 0.967294, -0.253657, 0, 0.253657, 0.967294, 9.57375, 25.1432, 5.06068 )

[node name="rock3" parent="pillar" instance=ExtResource( 3 )]
transform = Transform( 0.961941, 0.181827, -0.20398, 0.111146, -0.942292, -0.315805, -0.24963, 0.281114, -0.926639, 8.60127, 39.6618, 1.55148 )

[node name="rock4" parent="pillar" instance=ExtResource( 4 )]
transform = Transform( -0.945366, -0.317179, 0.0753667, -0.314558, 0.948184, 0.0447334, -0.08565, 0.0185823, -0.996152, 8.13108, 53.624, -0.366486 )

[node name="rock5" parent="pillar" instance=ExtResource( 4 )]
transform = Transform( 0.366816, 0.925063, 0.0985077, 0.0731381, -0.134237, 0.988247, 0.927414, -0.355299, -0.116898, 13.775, 70.436, 4.24586 )
