[gd_scene load_steps=24 format=2]

[ext_resource path="res://areas/chunk_content.gd" type="Script" id=1]
[ext_resource path="res://entities/env/copper/palace2.tscn" type="PackedScene" id=2]
[ext_resource path="res://items/gem_pickup.tscn" type="PackedScene" id=3]
[ext_resource path="res://items/bug_pickup.tscn" type="PackedScene" id=4]
[ext_resource path="res://entities/enemies/crawly.tscn" type="PackedScene" id=5]
[ext_resource path="res://entities/enemies/deathgnat.tscn" type="PackedScene" id=6]
[ext_resource path="res://entities/env/copper/scrap1.tscn" type="PackedScene" id=7]
[ext_resource path="res://entities/env/copper/scrap2.tscn" type="PackedScene" id=8]
[ext_resource path="res://entities/env/copper/scrap_pile2.tscn" type="PackedScene" id=9]
[ext_resource path="res://items/coat_pickup.tscn" type="PackedScene" id=10]
[ext_resource path="res://entities/env/stone/rock2.tscn" type="PackedScene" id=11]
[ext_resource path="res://entities/env/stone/hut.tscn" type="PackedScene" id=12]
[ext_resource path="res://entities/npc/npc.tscn" type="PackedScene" id=13]
[ext_resource path="res://dialog/side_content/hermit136.dialog" type="Resource" id=14]
[ext_resource path="res://entities/env/stone/fountain.tscn" type="PackedScene" id=15]
[ext_resource path="res://entities/env/furniture/sofa.tscn" type="PackedScene" id=16]
[ext_resource path="res://entities/env/stone/water_pot.tscn" type="PackedScene" id=17]
[ext_resource path="res://entities/env/stone/wall1.tscn" type="PackedScene" id=18]
[ext_resource path="res://entities/env/stone/rock_kinematic.tscn" type="PackedScene" id=19]
[ext_resource path="res://entities/env/stone/pillar.tscn" type="PackedScene" id=20]
[ext_resource path="res://entities/env/stone/ruin1.tscn" type="PackedScene" id=21]
[ext_resource path="res://entities/env/stone/rock3.tscn" type="PackedScene" id=22]
[ext_resource path="res://entities/env/furniture/bed_native.tscn" type="PackedScene" id=23]

[node name="chunk136" type="Spatial"]
script = ExtResource( 1 )

[node name="scrap_pile2" parent="." instance=ExtResource( 9 )]
transform = Transform( -0.60493, -0.464052, 0.647082, 0.752818, -0.598098, 0.274853, 0.259472, 0.653402, 0.711154, 143.236, -122.798, -100.345 )

[node name="scrap2" parent="scrap_pile2" instance=ExtResource( 8 )]
transform = Transform( 0.193992, 0.934441, 0.298642, -0.509029, 0.356118, -0.783626, -0.838604, -8.9407e-08, 0.544742, -5.07918, 3.78562, 8.59498 )

[node name="scrap1" parent="scrap_pile2" instance=ExtResource( 7 )]
transform = Transform( -0.621544, 0.783379, 2.98023e-08, -0.783379, -0.621544, -2.98023e-08, -2.98023e-08, 8.9407e-08, 1, -10.04, 3.88747, 3.73579 )

[node name="wall1" parent="." instance=ExtResource( 18 )]
transform = Transform( 1, 0, 0, 0, 1, 0, 0, 0, 1, -47.8164, -200.475, 102.395 )

[node name="pillar" parent="." instance=ExtResource( 20 )]
transform = Transform( -0.318633, -0.947878, 0, 0.947878, -0.318633, 0, 0, 0, 1, -68.9917, -202.253, 109.746 )

[node name="rock3" parent="." instance=ExtResource( 11 )]
transform = Transform( 0.999642, 0, 0.0267724, 0, 1, 0, -0.0267724, 0, 0.999642, -18.6052, -183.905, 61.3404 )

[node name="rock4" parent="." instance=ExtResource( 11 )]
transform = Transform( 0.704297, -0.709886, -0.00524514, -0.026757, -0.0339281, 0.999066, -0.709401, -0.703499, -0.0428899, 34.7129, -162.878, 55.5404 )

[node name="palace2" parent="." instance=ExtResource( 2 )]
transform = Transform( -0.216269, -0.976334, 0, 0.976334, -0.216269, 0, 0, 0, 1, -110.229, -216.533, 119.918 )

[node name="fountain" parent="." instance=ExtResource( 15 )]
transform = Transform( 0.998846, -0.0479534, -0.00271879, 0.0480304, 0.997244, 0.0565403, 0, -0.0566057, 0.998397, 11.4302, -151.604, -157.17 )

[node name="ruin1" parent="." instance=ExtResource( 21 )]
transform = Transform( 0.816776, 0, -0.576954, 0, 1, 0, 0.576954, 0, 0.816776, -0.334198, -157.361, -40.3449 )

[node name="ruin2" parent="." instance=ExtResource( 21 )]
transform = Transform( 0.0911054, 0, -0.995841, 0, 1, 0, 0.995841, 0, 0.0911054, 28.2412, -157.695, -87.7265 )

[node name="rock5" parent="." instance=ExtResource( 22 )]
transform = Transform( 0.478329, -0.235086, -0.84613, 0.441082, 0.897467, 0, 0.759374, -0.373212, 0.532977, -9.0466, -161.339, -82.4034 )

[node name="scrap1" parent="." instance=ExtResource( 7 )]
transform = Transform( 1, 0, 0, 0, 0.761617, -0.648027, 0, 0.648027, 0.761617, -108.244, -169.758, -208.896 )

[node name="sofa" parent="." instance=ExtResource( 16 )]
transform = Transform( 0.909294, 0, -0.416154, 0, 1, 0, 0.416154, 0, 0.909294, -115.493, -163.952, -215.148 )

[node name="rock2" parent="." instance=ExtResource( 11 )]
transform = Transform( -0.744346, -0.192451, -0.639463, 0.491533, 0.490311, -0.719715, 0.452046, -0.850034, -0.270365, -157.489, -241.402, -94.1037 )

[node name="hut" parent="." instance=ExtResource( 12 )]
transform = Transform( 0.00207694, 0, -0.999998, 0, 1, 0, 0.999998, 0, 0.00207694, -113.855, -168.041, -218.04 )

[node name="pillar2" parent="." instance=ExtResource( 20 )]
transform = Transform( 0.897467, -0.441082, 0, 0.441082, 0.897467, 0, 0, 0, 1, 62.0239, -149.415, -105.747 )

[node name="active_entities" type="Spatial" parent="."]

[node name="zone_top" type="MultiMeshSystem" parent="active_entities"]
transform = Transform( 1, 0, 0, 0, 1, 0, 0, 0, 1, 90.9884, -131.865, -80.7788 )

[node name="gem_pickup11" parent="active_entities/zone_top" instance=ExtResource( 3 )]
transform = Transform( 1, 0, 0, 0, 1, 0, 0, 0, 1, -140.781, 12.0474, 80.2496 )

[node name="gem_pickup12" parent="active_entities/zone_top" instance=ExtResource( 3 )]
transform = Transform( 1, 0, 0, 0, 1, 0, 0, 0, 1, -140.577, 12.0474, 81.1222 )

[node name="gem_pickup13" parent="active_entities/zone_top" instance=ExtResource( 3 )]
transform = Transform( 1, 0, 0, 0, 1, 0, 0, 0, 1, -139.978, 12.0474, 80.2419 )

[node name="gem_pickup14" parent="active_entities/zone_top" instance=ExtResource( 3 )]
transform = Transform( 1, 0, 0, 0, 1, 0, 0, 0, 1, -139.587, 12.0474, 81.0662 )

[node name="gem_pickup15" parent="active_entities/zone_top" instance=ExtResource( 3 )]
transform = Transform( 1, 0, 0, 0, 1, 0, 0, 0, 1, -139.006, 12.0474, 80.2684 )

[node name="gem_pickup16" parent="active_entities/zone_top" instance=ExtResource( 3 )]
transform = Transform( 1, 0, 0, 0, 1, 0, 0, 0, 1, -139.946, 12.0474, 79.3139 )

[node name="bug_pickup4" parent="active_entities/zone_top" instance=ExtResource( 4 )]
transform = Transform( 1, 0, 0, 0, 1, 0, 0, 0, 1, -140.63, 16.3524, 80.4707 )

[node name="gem_pickup20" parent="active_entities/zone_top" instance=ExtResource( 3 )]
transform = Transform( 0.999865, -0.00216409, 0.0162921, 0, 0.991293, 0.131674, -0.0164352, -0.131656, 0.991159, 54.3736, 12.1736, -16.5996 )

[node name="gem_pickup24" parent="active_entities/zone_top" instance=ExtResource( 3 )]
transform = Transform( 1, 0, 0, 0, 1, 0, 0, 0, 1, 62.2066, 12.8454, -4.09098 )

[node name="gem_pickup28" parent="active_entities/zone_top" instance=ExtResource( 3 )]
transform = Transform( 0.999865, -0.00216409, 0.0162921, 0, 0.991293, 0.131674, -0.0164352, -0.131656, 0.991159, 44.9594, 10.992, -28.1003 )

[node name="bug_pickup6" parent="active_entities/zone_top" instance=ExtResource( 4 )]
transform = Transform( 1, 0, 0, 0, 1, 0, 0, 0, 1, 48.8696, 17.6994, -14.7198 )

[node name="bug_pickup9" parent="active_entities/zone_top" instance=ExtResource( 4 )]
transform = Transform( 1, 0, 0, 0, 1, 0, 0, 0, 1, 58.4466, -20.9416, -17.217 )

[node name="gem_pickup34" parent="active_entities/zone_top" instance=ExtResource( 3 )]
transform = Transform( 1, 0, 0, 0, 1, 0, 0, 0, 1, 24.7286, 12.0324, -59.3222 )

[node name="gem_pickup35" parent="active_entities/zone_top" instance=ExtResource( 3 )]
transform = Transform( 1, 0, 0, 0, 1, 0, 0, 0, 1, 28.7346, 9.43339, -51.1622 )

[node name="coat_pickup" parent="active_entities/zone_top" instance=ExtResource( 10 )]
transform = Transform( 0.983553, 0, -0.180622, 0, 1, 0, 0.180622, 0, 0.983553, 127.213, -34.8096, -86.9912 )

[node name="gem_pickup36" parent="active_entities/zone_top" instance=ExtResource( 3 )]
transform = Transform( 1, 0, 0, 0, 1, 0, 0, 0, 1, 115.332, -29.9876, -68.4412 )

[node name="bug_pickup12" parent="active_entities/zone_top" instance=ExtResource( 4 )]
transform = Transform( 1, 0, 0, 0, 1, 0, 0, 0, 1, -38.5326, -3.11761, -25.1762 )

[node name="gem_pickup47" parent="active_entities/zone_top" instance=ExtResource( 3 )]
transform = Transform( 1, 0, 0, 0, 1, 0, 0, 0, 1, -36.8401, -1.94461, -26.4182 )
quantity = 3

[node name="crawly" parent="active_entities/zone_top" instance=ExtResource( 5 )]
transform = Transform( 0.452466, 0, -0.891782, 0, 1, 0, 0.891782, 0, 0.452466, 65.4446, 3.53938, -24.4982 )
respawns = false

[node name="deathgnat" parent="active_entities/zone_top" instance=ExtResource( 6 )]
transform = Transform( 0.639801, 0, -0.76854, 0, 1, 0, 0.76854, 0, 0.639801, 51.8826, 17.6034, -12.7772 )
respawns = false

[node name="deathgnat2" parent="active_entities/zone_top" instance=ExtResource( 6 )]
transform = Transform( 0.063157, 0, -0.998003, 0, 1, 0, 0.998003, 0, 0.063157, 85.304, 21.4835, -18.5966 )
respawns = false

[node name="crawly2" parent="active_entities/zone_top" instance=ExtResource( 5 )]
transform = Transform( 0.979729, 0, 0.200328, 0, 1, 0, -0.200328, 0, 0.979729, -97.6209, -19.7896, 5.55002 )
respawns = false

[node name="zone_side" type="MultiMeshSystem" parent="active_entities"]
transform = Transform( 1, 0, 0, 0, 1, 0, 0, 0, 1, -61.081, -214.094, 104.761 )

[node name="rock_kinematic" parent="active_entities/zone_side" instance=ExtResource( 19 )]
transform = Transform( 1, 0, 0, 0, 0.96518, -0.261586, 0, 0.261586, 0.96518, 21.5229, 20.9892, -9.02328 )

[node name="rock_kinematic2" parent="active_entities/zone_side" instance=ExtResource( 19 )]
transform = Transform( -0.997012, -6.56629e-05, -0.077243, 0, 1, -0.000850081, 0.077243, -0.000847542, -0.997012, -10.9629, 9.85519, 11.5071 )

[node name="gem_pickup9" parent="active_entities/zone_side" instance=ExtResource( 3 )]
transform = Transform( 1, 0, 0, 0, 1, 0, 0, 0, 1, 36.0252, 24.2262, -11.5635 )

[node name="bug_pickup3" parent="active_entities/zone_side" instance=ExtResource( 4 )]
transform = Transform( -0.806981, 0, -0.590578, 0, 1, 0, 0.590578, 0, -0.806981, -67.397, 13.3022, 15.5211 )

[node name="gem_pickup" parent="active_entities/zone_side" instance=ExtResource( 3 )]
transform = Transform( 1, 0, 0, 0, 1, 0, 0, 0, 1, -50.428, 15.9462, 14.9481 )

[node name="gem_pickup2" parent="active_entities/zone_side" instance=ExtResource( 3 )]
transform = Transform( 1, 0, 0, 0, 1, 0, 0, 0, 1, -50.428, 15.8212, 23.0131 )

[node name="gem_pickup5" parent="active_entities/zone_side" instance=ExtResource( 3 )]
transform = Transform( 1, 0, 0, 0, 1, 0, 0, 0, 1, -50.428, 5.06119, 0.00112152 )

[node name="gem_pickup8" parent="active_entities/zone_side" instance=ExtResource( 3 )]
transform = Transform( 1, 0, 0, 0, 1, 0, 0, 0, 1, -57.83, -11.9758, 15.7501 )

[node name="gem_pickup7" parent="active_entities/zone_side" instance=ExtResource( 3 )]
transform = Transform( 1, 0, 0, 0, 1, 0, 0, 0, 1, -50.428, 13.7202, 7.81413 )

[node name="gem_pickup10" parent="active_entities/zone_side" instance=ExtResource( 3 )]
transform = Transform( 1, 0, 0, 0, 1, 0, 0, 0, 1, 96.7723, 63.2642, -74.953 )

[node name="bug_pickup2" parent="active_entities/zone_side" instance=ExtResource( 4 )]
transform = Transform( -0.738032, 0, -0.674766, 0, 1, 0, 0.674766, 0, -0.738032, -112.926, -28.9028, -5.92959 )

[node name="zone_front" type="MultiMeshSystem" parent="active_entities"]
transform = Transform( 1, 0, 0, 0, 1, 0, 0, 0, 1, -143.999, -230.486, -157.123 )

[node name="water_pot" parent="active_entities/zone_front" instance=ExtResource( 17 )]
transform = Transform( 1, 0, 0, 0, 1, 0, 0, 0, 1, 30.8047, 63.4453, -58.3945 )

[node name="gem_pickup39" parent="active_entities/zone_front" instance=ExtResource( 3 )]
transform = Transform( 1, 5.96046e-08, 4.02331e-07, 1.19209e-07, 1, -2.23517e-07, 1.04308e-07, -3.12924e-07, 1, -13.6483, -0.927872, 58.5381 )

[node name="bug_pickup11" parent="active_entities/zone_front" instance=ExtResource( 4 )]
transform = Transform( 1, 5.96046e-08, 4.02331e-07, 1.19209e-07, 1, -2.23517e-07, 1.04308e-07, -3.12924e-07, 1, -6.47427, 4.55815, 67.5369 )

[node name="gem_pickup42" parent="active_entities/zone_front" instance=ExtResource( 3 )]
transform = Transform( 1, 5.96046e-08, 4.02331e-07, 1.19209e-07, 1, -2.23517e-07, 1.04308e-07, -3.12924e-07, 1, -11.3753, 3.77313, 65.0358 )

[node name="gem_pickup43" parent="active_entities/zone_front" instance=ExtResource( 3 )]
transform = Transform( 1, 5.96046e-08, 4.02331e-07, 1.19209e-07, 1, -2.23517e-07, 1.04308e-07, -3.12924e-07, 1, -11.5933, 4.20213, 69.7004 )

[node name="gem_pickup44" parent="active_entities/zone_front" instance=ExtResource( 3 )]
transform = Transform( 1, 5.96046e-08, 4.02331e-07, 1.19209e-07, 1, -2.23517e-07, 1.04308e-07, -3.12924e-07, 1, -4.98428, -6.00488, 55.2805 )

[node name="bug_pickup" parent="active_entities/zone_front" instance=ExtResource( 4 )]
transform = Transform( -0.738032, 0, -0.674766, 0, 1, 0, 0.674766, 0, -0.738032, -0.00126648, 76.3363, 181.123 )

[node name="gem_pickup45" parent="active_entities/zone_front" instance=ExtResource( 3 )]
transform = Transform( 1, 0, 0, 0, 1, 0, 0, 0, 1, 35.6147, 64.1783, -52.6935 )

[node name="gem_pickup" parent="active_entities/zone_front" instance=ExtResource( 3 )]
transform = Transform( 0.00207694, 0, -0.999998, 0, 1, 0, 0.999998, 0, 0.00207694, 31.5378, 63.7543, -56.8375 )

[node name="gem_pickup2" parent="active_entities/zone_front" instance=ExtResource( 3 )]
transform = Transform( 0.00207694, 0, -0.999998, 0, 1, 0, 0.999998, 0, 0.00207694, 32.8979, 63.6998, -57.562 )

[node name="gem_pickup3" parent="active_entities/zone_front" instance=ExtResource( 3 )]
transform = Transform( 0.00207694, 0, -0.999998, 0, 1, 0, 0.999998, 0, 0.00207694, 30.6932, 63.5873, -57.1451 )

[node name="gem_pickup4" parent="active_entities/zone_front" instance=ExtResource( 3 )]
transform = Transform( 0.00207694, 0, -0.999998, 0, 1, 0, 0.999998, 0, 0.00207694, 30.2329, 72.9281, -60.7824 )

[node name="bug_pickup4" parent="active_entities/zone_front" instance=ExtResource( 4 )]
transform = Transform( 0.00207694, 0, -0.999998, 0, 1, 0, 0.999998, 0, 0.00207694, 31.3573, 74.48, -57.5555 )

[node name="bed_native" parent="active_entities/zone_front" instance=ExtResource( 23 )]
transform = Transform( 1, 0, 0, 0, 1, 0, 0, 0, 1, 27.3405, 66.5579, -60.6941 )

[node name="npc" parent="active_entities/zone_front" instance=ExtResource( 13 )]
transform = Transform( 0.821468, 0, -0.570255, 0, 1, 0, 0.570255, 0, 0.821468, 29.3647, 63.4453, -63.2375 )
dialog = ExtResource( 14 )
visual_name = "The Hermit"
