[gd_scene load_steps=6 format=2]

[ext_resource path="res://areas/chunk_content.gd" type="Script" id=1]
[ext_resource path="res://entities/env/copper/palace1.tscn" type="PackedScene" id=2]
[ext_resource path="res://entities/env/copper/palace2.tscn" type="PackedScene" id=3]
[ext_resource path="res://entities/env/ancient/ascrap1.tscn" type="PackedScene" id=4]
[ext_resource path="res://entities/env/copper/palace_roof1.tscn" type="PackedScene" id=5]

[node name="chunk126" type="Spatial"]
script = ExtResource( 1 )

[node name="palace1" type="Spatial" parent="." instance=ExtResource( 2 )]
transform = Transform( 0.845691, -6.74508e-09, -0.533674, -0.533674, -2.33276e-08, -0.845691, -6.74508e-09, 1, -2.33276e-08, 133, -1, 56 )

[node name="palace2" type="Spatial" parent="palace1" instance=ExtResource( 3 )]
transform = Transform( 0.789213, -0.582919, 0.193256, 0.0702123, 0.398271, 0.914577, -0.610093, -0.708227, 0.355249, -7.97652, 9.00122, -12.9118 )

[node name="palace3" type="Spatial" parent="palace1" instance=ExtResource( 3 )]
transform = Transform( -0.633854, -0.312414, 0.707549, -0.564366, -0.438718, -0.699298, 0.528885, -0.84257, 0.101767, -17.5874, 8.04092, -25.4549 )

[node name="palace4" type="Spatial" parent="palace1" instance=ExtResource( 3 )]
transform = Transform( -0.633854, 0.595358, -0.493739, -0.564366, 0.080498, 0.82159, 0.528885, 0.799418, 0.284976, -33.9138, 10.2932, -47.1743 )

[node name="palace_roof1" type="Spatial" parent="palace1" instance=ExtResource( 5 )]
transform = Transform( 0.538345, 0.291902, -0.790556, -0.0428855, 0.946368, 0.32023, 0.841633, -0.138491, 0.521991, 10.8356, 40.4064, -12.5817 )

[node name="ascrap1" type="Spatial" parent="palace1" instance=ExtResource( 4 )]
transform = Transform( -0.729685, -0.566665, 0.382687, -0.429628, -0.0554527, -0.901301, 0.531957, -0.82208, -0.202992, -46.8123, 1.42673, -41.267 )
