[gd_scene load_steps=26 format=2]

[ext_resource path="res://areas/chunk_content.gd" type="Script" id=1]
[ext_resource path="res://entities/enemies/deathgnat.tscn" type="PackedScene" id=2]
[ext_resource path="res://entities/env/stone/rock1.tscn" type="PackedScene" id=3]
[ext_resource path="res://entities/env/stone/hut.tscn" type="PackedScene" id=4]
[ext_resource path="res://entities/env/stone/ruin1.tscn" type="PackedScene" id=5]
[ext_resource path="res://entities/enemies/crawly.tscn" type="PackedScene" id=6]
[ext_resource path="res://items/bug_pickup.tscn" type="PackedScene" id=7]
[ext_resource path="res://items/gem_pickup.tscn" type="PackedScene" id=8]
[ext_resource path="res://entities/wardrobe.tscn" type="PackedScene" id=9]
[ext_resource path="res://items/coat_pickup.tscn" type="PackedScene" id=10]
[ext_resource path="res://entities/env/stone/hut_bath.tscn" type="PackedScene" id=11]
[ext_resource path="res://entities/env/stone/rock3.tscn" type="PackedScene" id=12]
[ext_resource path="res://entities/env/stone/rock2.tscn" type="PackedScene" id=13]
[ext_resource path="res://entities/env/stone/pillar.tscn" type="PackedScene" id=14]
[ext_resource path="res://entities/env/stone/rock_kinematic.tscn" type="PackedScene" id=15]
[ext_resource path="res://entities/control/conditional_when_dead.gd" type="Script" id=16]
[ext_resource path="res://entities/npc/npc.tscn" type="PackedScene" id=17]
[ext_resource path="res://entities/visual/flag.tscn" type="PackedScene" id=18]
[ext_resource path="res://games/race.gd" type="Script" id=19]
[ext_resource path="res://dialog/side_content/race/race_generic.dialog" type="Resource" id=20]
[ext_resource path="res://entities/env/stone/master_hut.tscn" type="PackedScene" id=21]
[ext_resource path="res://entities/env/stone/wall1.tscn" type="PackedScene" id=22]
[ext_resource path="res://entities/env/stone/rock4.tscn" type="PackedScene" id=23]
[ext_resource path="res://dialog/side_content/race/race_coat_trade.dialog" type="Resource" id=24]

[sub_resource type="BoxShape" id=1]
extents = Vector3( 1.37823, 1.71547, 1.36145 )

[node name="chunk125" type="MultiMeshSystem"]
script = ExtResource( 1 )

[node name="zone_valley" type="Spatial" parent="."]
transform = Transform( 1, 0, 0, 0, 1, 0, 0, 0, 1, -11.8006, -210.323, 148.596 )

[node name="rock18" parent="zone_valley" instance=ExtResource( 13 )]
transform = Transform( 1, 0, 0, 0, 1, 0, 0, 0, 1, 13.482, -41.5166, -19.228 )

[node name="rock1" parent="zone_valley/rock18" instance=ExtResource( 3 )]
transform = Transform( 1, 0, 0, 0, 0.727529, -0.686077, 0, 0.686077, 0.727529, 0.44728, 3.31125, -15.8308 )

[node name="rock3" parent="zone_valley/rock18" instance=ExtResource( 3 )]
transform = Transform( -0.749543, 0.328513, 0.574686, 0.653163, 0.508067, 0.561468, -0.107529, 0.796208, -0.595391, -8.29375, 3.31125, -13.3876 )

[node name="rock4" parent="zone_valley/rock18" instance=ExtResource( 3 )]
transform = Transform( -0.1738, 0.803287, -0.56967, 0.97919, 0.202517, -0.0131723, 0.104787, -0.560104, -0.821768, -2.2977, 10.8508, -9.13165 )

[node name="rock19" parent="zone_valley" instance=ExtResource( 13 )]
transform = Transform( -0.977326, 0.211739, 2.6077e-08, 0.131135, 0.605279, 0.785137, 0.166244, 0.767335, -0.619323, 4.53793, -37.6496, 6.97102 )

[node name="rock20" parent="zone_valley" instance=ExtResource( 12 )]
transform = Transform( 0.00266925, -0.649248, 0.760574, -0.529556, -0.646094, -0.549666, 0.848271, -0.401299, -0.345537, 15.7097, -34.1336, 19.469 )

[node name="rock21" parent="zone_valley" instance=ExtResource( 12 )]
transform = Transform( -0.910206, 0.411552, -0.0463607, 0.327376, 0.78353, 0.528115, 0.253672, 0.465516, -0.847906, 14.9168, -24.3356, 28.616 )

[node name="rock22" parent="zone_valley" instance=ExtResource( 12 )]
transform = Transform( -0.75556, -0.653696, 0.0425716, 0.52475, -0.642859, -0.558004, 0.392133, -0.399265, 0.828745, 19.8439, -12.0056, 36.811 )

[node name="rock23" parent="zone_valley" instance=ExtResource( 12 )]
transform = Transform( 0.0486003, -0.0599154, 0.99702, 0.0872432, -0.994129, -0.0639944, 0.995002, 0.0900933, -0.0430877, 20.7735, -3.94157, 58.6461 )

[node name="rock24" parent="zone_valley" instance=ExtResource( 12 )]
transform = Transform( 0.00120483, -0.00238197, -0.999996, 0.517912, 0.855432, -0.00141361, 0.855433, -0.51791, 0.00226428, 20.1619, 19.1064, 69.344 )

[node name="rock25" parent="zone_valley" instance=ExtResource( 13 )]
transform = Transform( 0.770384, 0.481588, -0.417831, 0.63758, -0.5819, 0.50486, -2.23517e-08, -0.655336, -0.755337, -18.4896, -38.2805, 31.452 )

[node name="rock26" parent="zone_valley" instance=ExtResource( 3 )]
transform = Transform( 0.188682, 0.982038, 0, -0.982038, 0.188682, 0, 6.51926e-08, 1.49012e-08, 1, 3.75451, 28.1424, 92.1651 )

[node name="rock28" parent="zone_valley" instance=ExtResource( 3 )]
transform = Transform( 1, 3.72529e-09, 1.49012e-08, 0, 0.762709, 0.646742, 0, -0.646742, 0.76271, -37.3529, -39.3706, -21.991 )

[node name="ruin2" parent="zone_valley" instance=ExtResource( 5 )]
transform = Transform( 1, 0, 0, 0, 1, 0, 0, 0, 1, -58.7356, -39.1626, 14.991 )

[node name="pillar3" parent="zone_valley" instance=ExtResource( 14 )]
transform = Transform( 0.69824, -0.477996, 0.532899, 0.715864, 0.466227, -0.51978, 5.21541e-08, 0.744415, 0.667718, -20.6719, -42.6656, -4.02501 )

[node name="rock4" parent="zone_valley" instance=ExtResource( 23 )]
transform = Transform( 0.0629303, 0.651468, -0.756061, 0.912764, 0.268798, 0.307586, 0.40361, -0.709462, -0.577722, -22.7119, -38.9393, -25.0499 )

[node name="rock1" parent="zone_valley" instance=ExtResource( 3 )]
transform = Transform( 0.995635, -2.6077e-08, 0.093335, -0.0228437, -0.969586, 0.243681, 0.0904963, -0.244749, -0.965354, -41.3606, -37.4736, -0.867447 )

[node name="hut" parent="zone_valley" instance=ExtResource( 4 )]
transform = Transform( -0.0150965, 0, -0.999886, 0, 1, 0, 0.999886, 0, -0.0150965, -202.51, 61.0225, -63.5488 )

[node name="ruin1" parent="zone_valley" instance=ExtResource( 5 )]
transform = Transform( 1, 0, 0, 0, -1, 1.50996e-07, 0, -1.50996e-07, -1, -206.738, 60.3225, -61.0122 )

[node name="rock2" parent="zone_valley" instance=ExtResource( 3 )]
transform = Transform( 1, 0, 0, 0, -0.258819, -0.965926, 0, 0.965926, -0.258819, -200.199, 57.3935, -62.3233 )

[node name="rock3" parent="zone_valley" instance=ExtResource( 3 )]
transform = Transform( -0.183013, 0.965926, -0.183013, 0.859789, 0.0669873, -0.506236, -0.476727, -0.25, -0.842752, -202.975, 54.2964, -54.4972 )

[node name="rock5" parent="zone_valley" instance=ExtResource( 3 )]
transform = Transform( -0.98038, 0.181186, -0.0776329, 0.157825, 0.957469, 0.241544, 0.118096, 0.224552, -0.967279, -210.357, 55.1565, -51.6733 )

[node name="rock6" parent="zone_valley" instance=ExtResource( 3 )]
transform = Transform( 0.327444, -0.939627, 0.0994068, -0.907214, -0.342054, -0.24487, 0.264089, -0.0100022, -0.964446, -227.46, 60.8695, -48.8739 )

[node name="rock7" parent="zone_valley" instance=ExtResource( 3 )]
transform = Transform( 0.0994068, -0.327444, 0.939627, -0.24487, 0.907214, 0.342054, -0.964447, -0.264089, 0.0100022, -224.601, 65.0595, -57.1777 )

[node name="rock8" parent="zone_valley" instance=ExtResource( 3 )]
transform = Transform( 0.0193535, 0.815195, 0.578863, -0.24487, 0.565203, -0.787771, -0.969363, -0.1265, 0.210555, -228.725, 69.8835, -50.9689 )

[node name="rock9" parent="zone_valley" instance=ExtResource( 3 )]
transform = Transform( -0.378481, -0.772617, 0.50972, -0.24487, 0.614643, 0.749835, -0.892632, 0.158983, -0.421821, -230.78, 63.7395, -57.2028 )

[node name="rock10" parent="zone_valley" instance=ExtResource( 3 )]
transform = Transform( 0.0280932, -0.195105, 0.98038, -0.481125, -0.862328, -0.157825, 0.876202, -0.467251, -0.118095, -193.338, 55.4495, -63.1986 )

[node name="rock27" parent="zone_valley" instance=ExtResource( 12 )]
transform = Transform( -0.949337, -0.299637, -0.0947418, 0.309688, -0.840772, -0.444067, 0.0534026, -0.450909, 0.890971, -165.382, -28.1538, 76.2359 )

[node name="pillar" parent="zone_valley" instance=ExtResource( 14 )]
transform = Transform( 1, 0, 0, 0, 1, 0, 0, 0, 1, -124.434, -40.7538, 74.8849 )

[node name="pillar2" parent="zone_valley" instance=ExtResource( 14 )]
transform = Transform( -1, 8.74228e-08, 0, -8.74228e-08, -1, 0, 0, 0, 1, -146.669, -21.8558, 50.2069 )

[node name="hut2" parent="zone_valley" instance=ExtResource( 4 )]
transform = Transform( 0.768426, -0.0427095, 0.638511, 0, 0.99777, 0.0667401, -0.639938, -0.0512848, 0.766713, 208.226, -39.4913, 87.8965 )

[node name="rock11" parent="zone_valley" instance=ExtResource( 3 )]
transform = Transform( 0.232936, 0, -0.972492, 0, 1, 0, 0.972492, 0, 0.232936, 202.834, -36.0802, 70.5025 )

[node name="zone_cliffs" type="Spatial" parent="."]
transform = Transform( 1, 0, 0, 0, 1, 0, 0, 0, 1, 97.2532, -21.7226, -61.562 )

[node name="hut2" parent="zone_cliffs" instance=ExtResource( 4 )]
transform = Transform( 0.180613, 0, -0.983554, 0, 1, 0, 0.983554, 0, 0.180613, -75.2532, -0.277369, -0.438072 )

[node name="hut7" parent="zone_cliffs" instance=ExtResource( 4 )]
transform = Transform( 0.996986, 0, -0.0775833, 0, 1, 0, 0.0775833, 0, 0.996986, -96.9478, 1.70213, -2.84768 )

[node name="hut3" parent="zone_cliffs" instance=ExtResource( 4 )]
transform = Transform( 0.356698, 0, -0.93422, 0, 1, 0, 0.93422, 0, 0.356698, 59.7468, -4.27737, 2.56193 )

[node name="hut4" parent="zone_cliffs" instance=ExtResource( 4 )]
transform = Transform( -0.887785, 0, -0.460259, 0, 1, 0, 0.460259, 0, -0.887785, 115.996, -34.2774, 49.0206 )

[node name="hut5" parent="zone_cliffs" instance=ExtResource( 4 )]
transform = Transform( 1, 0, 0, 0, 1, 0, 0, 0, 1, 41.7468, -5.27737, 2.56193 )

[node name="rock14" parent="zone_cliffs" instance=ExtResource( 13 )]
transform = Transform( -0.985857, -0.118329, -0.118679, 0.00664545, -0.735195, 0.677824, -0.167458, 0.667448, 0.725583, -116.826, -15.5615, 6.61283 )

[node name="hut6" parent="zone_cliffs" instance=ExtResource( 4 )]
transform = Transform( 0.824428, 0, 0.565966, 0, 1, 0, -0.565966, 0, 0.824428, -118.891, -5.27737, 9.19628 )

[node name="hut_bath" parent="zone_cliffs" instance=ExtResource( 11 )]
transform = Transform( 0.925751, 0, -0.378133, 0, 1, 0, 0.378133, 0, 0.925751, 113.596, 20.9174, -41.248 )

[node name="hut_bath2" parent="zone_cliffs" instance=ExtResource( 11 )]
transform = Transform( 0.436803, 0, -0.899557, 0, 1, 0, 0.899557, 0, 0.436803, 102.198, 18.3526, -33.7797 )

[node name="hut_bath3" parent="zone_cliffs" instance=ExtResource( 11 )]
transform = Transform( 0.436803, 0, -0.899557, 0, 1, 0, 0.899557, 0, 0.436803, 108.372, 19.3764, -36.1871 )

[node name="rock9" parent="zone_cliffs" instance=ExtResource( 13 )]
transform = Transform( -0.963657, 0, -0.267144, 0, 1, 0, 0.267144, 0, -0.963657, 94.633, 18.2322, -51.145 )

[node name="rock10" parent="zone_cliffs" instance=ExtResource( 3 )]
transform = Transform( 0.00612521, -0.77495, -0.631993, 0.997962, -0.035404, 0.0530845, -0.0635128, -0.631031, 0.773154, 112.372, -37.2921, 46.5468 )

[node name="rock11" parent="zone_cliffs" instance=ExtResource( 3 )]
transform = Transform( -0.0626508, -0.385993, 0.920372, 0.187372, 0.901237, 0.390722, -0.980289, 0.196931, 0.0158612, 119.366, -41.3543, 51.5294 )

[node name="rock12" parent="zone_cliffs" instance=ExtResource( 13 )]
transform = Transform( 0.993064, 0.117579, 0, -0.116625, 0.985005, 0.127136, 0.0149486, -0.126254, 0.991885, 53.5668, -13.9401, 1.15693 )

[node name="rock13" parent="zone_cliffs" instance=ExtResource( 12 )]
transform = Transform( 0.0493957, -0.215597, -0.975232, -0.0121845, -0.976482, 0.215257, -0.998705, 0.00124994, -0.0508609, -94.5703, -3.89087, -0.929474 )

[node name="rock15" parent="zone_cliffs" instance=ExtResource( 3 )]
transform = Transform( -0.00385717, -0.999993, 0, 0.999993, -0.00385717, 0, 0, 0, 1, -73.1507, -3.28827, -2.92958 )

[node name="rock16" parent="zone_cliffs" instance=ExtResource( 3 )]
transform = Transform( -0.987841, -0.141884, 0.0635552, -0.0642402, 0.000247787, -0.997934, 0.141575, -0.989883, -0.00935942, -73.1507, -4.08837, 2.05083 )

[node name="rock17" parent="zone_cliffs" instance=ExtResource( 3 )]
transform = Transform( 0.21289, 0.481624, -0.850127, -0.43951, -0.729874, -0.523559, -0.872645, 0.4851, 0.0562954, -76.9915, -5.17787, 1.45213 )

[node name="active_entities" type="Spatial" parent="."]

[node name="rocks_area" type="MultiMeshSystem" parent="active_entities"]
transform = Transform( 0.995635, 0, 0.0933352, 0, 1, 0, -0.0933352, 0, 0.995635, 5.58275, -216.96, 174.81 )

[node name="bug_pickup8" parent="active_entities/rocks_area" instance=ExtResource( 7 )]
transform = Transform( 0.995635, 0, -0.0933352, 0, 1, 0, 0.0933352, 0, 0.995635, 2.39165, -27.1305, -16.1233 )

[node name="bug_pickup12" parent="active_entities/rocks_area" instance=ExtResource( 7 )]
transform = Transform( 0.995635, 0, -0.0933352, 0, 1, 0, 0.0933352, 0, 0.995635, -3.83668, -11.9125, 3.76927 )

[node name="bug_pickup13" parent="active_entities/rocks_area" instance=ExtResource( 7 )]
transform = Transform( 0.995635, 0, -0.0933352, 0, 1, 0, 0.0933352, 0, 0.995635, -1.59765, -13.7095, 14.3665 )

[node name="bug_pickup15" parent="active_entities/rocks_area" instance=ExtResource( 7 )]
transform = Transform( 0.995635, 0, -0.0933352, 0, 1, 0, 0.0933352, 0, 0.995635, -12.5992, 20.5225, 44.2903 )

[node name="coat_pickup" parent="active_entities/rocks_area" instance=ExtResource( 10 )]
transform = Transform( 0.995635, 0, -0.0933352, 0, 1, 0, 0.0933352, 0, 0.995635, -20.8174, 39.6405, 63.4198 )

[node name="gem_pickup7" parent="active_entities/rocks_area" instance=ExtResource( 8 )]
transform = Transform( 0.995635, 0, -0.0933352, 0, 1, 0, 0.0933352, 0, 0.995635, 12.1908, 37.1625, 36.5021 )

[node name="gem_pickup8" parent="active_entities/rocks_area" instance=ExtResource( 8 )]
transform = Transform( 0.995635, 0, -0.0933352, 0, 1, 0, 0.0933352, 0, 0.995635, 1.21411, 25.7935, 34.9508 )

[node name="gem_pickup9" parent="active_entities/rocks_area" instance=ExtResource( 8 )]
transform = Transform( 0.995635, 0, -0.0933352, 0, 1, 0, 0.0933352, 0, 0.995635, 8.7238, 11.5545, 23.9216 )

[node name="gem_pickup10" parent="active_entities/rocks_area" instance=ExtResource( 8 )]
transform = Transform( 0.995635, 0, -0.0933352, 0, 1, 0, 0.0933352, 0, 0.995635, -1.66582, 11.2735, 22.7196 )

[node name="gem_pickup11" parent="active_entities/rocks_area" instance=ExtResource( 8 )]
transform = Transform( 0.995635, 0, -0.0933352, 0, 1, 0, 0.0933352, 0, 0.995635, -0.832167, 9.54347, 4.50891 )

[node name="gem_pickup12" parent="active_entities/rocks_area" instance=ExtResource( 8 )]
transform = Transform( 0.995635, 0, -0.0933352, 0, 1, 0, 0.0933352, 0, 0.995635, -4.32682, -12.5505, -16.0811 )

[node name="gem_pickup13" parent="active_entities/rocks_area" instance=ExtResource( 8 )]
transform = Transform( 0.995635, 0, -0.0933352, 0, 1, 0, 0.0933352, 0, 0.995635, -26.1755, -20.0175, 3.72104 )

[node name="bug_pickup16" parent="active_entities/rocks_area" instance=ExtResource( 7 )]
transform = Transform( 0.995635, 0, -0.0933352, 0, 1, 0, 0.0933352, 0, 0.995635, -3.98883, -31.8815, -10.3536 )
quantity = 3

[node name="deathgnat2" parent="active_entities/rocks_area" instance=ExtResource( 2 )]
transform = Transform( 0.134147, 0, -0.990961, 0, 1, 0, 0.990961, 0, 0.134147, -2.09231, -21.4225, -44.6644 )
respawns = false
reset_on_player_death = true

[node name="crawly4" parent="active_entities/rocks_area" instance=ExtResource( 6 )]
transform = Transform( 0.995635, 0, -0.0933352, 0, 1, 0, 0.0933352, 0, 0.995635, 1.02455, -13.7125, 8.77484 )

[node name="rock_kinematic3" parent="active_entities/rocks_area" instance=ExtResource( 15 )]
transform = Transform( 0.995635, 0, -0.0933352, 0, 1, 0, 0.0933352, 0, 0.995635, -26.8121, -32.3085, -36.8013 )
initial_velocity = 5.0

[node name="bug_pickup17" parent="active_entities/rocks_area" instance=ExtResource( 7 )]
transform = Transform( 0.995635, 0, -0.0933352, 0, 1, 0, 0.0933352, 0, 0.995635, -46.7306, -29.9965, -20.6107 )

[node name="race_spawn" type="Spatial" parent="active_entities/rocks_area"]
transform = Transform( 1, 0, 0, 0, 1, 0, 0, 0, 1, -1.07981, -25.3078, -46.5875 )
script = ExtResource( 16 )
dead_enemies = [ NodePath("../deathgnat2") ]

[node name="race" type="Spatial" parent="active_entities/rocks_area/race_spawn"]
script = ExtResource( 19 )
bronze_seconds = 75.0
silver_seconds = 30.0
gold_seconds = 20.0
friendly_id = "race125"

[node name="npc_race" parent="active_entities/rocks_area/race_spawn/race" instance=ExtResource( 17 )]
transform = Transform( -0.24672, 0, -0.969087, 0, 1, 0, 0.969087, 0, -0.24672, 1.01299, -0.307648, 2.57545 )
dialog = ExtResource( 20 )
visual_name = "Scrambler"
model_scale = 0.9

[node name="npc" parent="active_entities/rocks_area/race_spawn/race" instance=ExtResource( 17 )]
transform = Transform( -0.999819, 0, -0.0190422, 0, 1, 0, 0.0190422, 0, -0.999819, 3.19137, -0.856171, 1.93161 )
dialog = ExtResource( 24 )
visual_name = "Scrambler"
model_scale = 0.9
no_dialog_trigger = true

[node name="npc3" parent="active_entities/rocks_area/race_spawn/race" instance=ExtResource( 17 )]
transform = Transform( 1, 0, 0, 0, 1, 0, 0, 0, 1, 2.98342, -0.88205, 0.90007 )
dialog = ExtResource( 24 )
visual_name = "Scrambler"
model_scale = 0.9
no_dialog_trigger = true

[node name="npc4" parent="active_entities/rocks_area/race_spawn/race" instance=ExtResource( 17 )]
transform = Transform( 0.523319, 0, 0.852136, 0, 1, 0, -0.852136, 0, 0.523319, -3.614, -0.520905, -0.398933 )
dialog = ExtResource( 24 )
visual_name = "Scrambler"
model_scale = 0.9
no_dialog_trigger = true

[node name="npc5" parent="active_entities/rocks_area/race_spawn/race" instance=ExtResource( 17 )]
transform = Transform( -0.93184, 0, -0.362869, 0, 1, 0, 0.362869, 0, -0.93184, -15.9842, 65.4777, 110.595 )
dialog = ExtResource( 24 )
visual_name = "Scrambler"
model_scale = 0.9
no_dialog_trigger = true

[node name="Timer" type="Timer" parent="active_entities/rocks_area/race_spawn/race"]
time_scale_response = false
one_shot = true

[node name="race_start" type="Spatial" parent="active_entities/rocks_area/race_spawn/race"]
transform = Transform( 1, 0, 0, 0, 1, 0, 0, 0, 1, -1.06772, -0.385391, 1.49992 )

[node name="race_end" type="Area" parent="active_entities/rocks_area/race_spawn/race"]
transform = Transform( 0.793224, 0, -0.60893, 0, 1, 0, 0.60893, 0, 0.793224, -17.1198, 67.3905, 110.511 )
collision_layer = 0
collision_mask = 2

[node name="CollisionShape" type="CollisionShape" parent="active_entities/rocks_area/race_spawn/race/race_end"]
shape = SubResource( 1 )

[node name="flag2" parent="active_entities/rocks_area/race_spawn" instance=ExtResource( 18 )]
transform = Transform( 1, 0, 0, 0, 1, 0, 0, 0, 1, -16.9123, 66.3864, 109.781 )

[node name="flag" parent="active_entities/rocks_area/race_spawn" instance=ExtResource( 18 )]
transform = Transform( 1, 0, 0, 0, 1, 0, 0, 0, 1, 0.107273, 0.600998, 2.0266 )

[node name="hut_area" type="MultiMeshSystem" parent="active_entities"]
transform = Transform( 1, 0, 0, 0, 1, 0, 0, 0, 1, -224.548, -145.425, 91.6663 )

[node name="gem_pickup3" parent="active_entities/hut_area" instance=ExtResource( 8 )]
transform = Transform( -0.972439, 0, 0.233157, 0, 1, 0, -0.233157, 0, -0.972439, 9.77173, 0.409271, -7.85619 )
quantity = 10
persistent = true

[node name="wardrobe" parent="active_entities/hut_area" instance=ExtResource( 9 )]
transform = Transform( -0.707107, 0, 0.707106, 0, 1, 0, -0.707106, 0, -0.707107, 7.24374, 0.208221, -4.97511 )

[node name="coat_pickup" parent="active_entities/hut_area" instance=ExtResource( 10 )]
transform = Transform( -0.0150965, 0, -0.999886, 0, 1, 0, 0.999886, 0, -0.0150965, 12.5482, 0.237244, -4.66629 )

[node name="bug_pickup" parent="active_entities/hut_area" instance=ExtResource( 7 )]
transform = Transform( 1, 0, 0, 0, 1, 0, 0, 0, 1, 10.3203, 8.42451, -6.42747 )

[node name="crawly" parent="active_entities/hut_area" instance=ExtResource( 6 )]
transform = Transform( 0.408426, 0, -0.912791, 0, 1, 0, 0.912791, 0, 0.408426, 9.0563, -2.32248, -8.05447 )
respawns = false

[node name="crawly2" parent="active_entities/hut_area" instance=ExtResource( 6 )]
transform = Transform( -0.0771888, 0, -0.997016, 0, 1, 0, 0.997016, 0, -0.0771888, 9.47731, -2.32248, -4.88287 )
respawns = false

[node name="bug_pickup2" parent="active_entities/hut_area" instance=ExtResource( 7 )]
transform = Transform( 0.352266, 0, 0.9359, 0, 1, 0, -0.9359, 0, 0.352266, -16.2427, -0.575485, 4.76283 )

[node name="conditional_when_dead" type="Spatial" parent="active_entities/hut_area"]
transform = Transform( 1, 0, 0, 0, 1, 0, 0, 0, 1, -9.09572, 2.23872, 2.51089 )
script = ExtResource( 16 )
dead_enemies = [ NodePath("../crawly"), NodePath("../crawly2") ]

[node name="npc" parent="active_entities/hut_area/conditional_when_dead" instance=ExtResource( 17 )]
transform = Transform( 0.753077, 0, -0.657932, 0, 1, 0, 0.657932, 0, 0.753077, 20.894, -5.11421, -11.4747 )
visual_name = "Hermit"

[node name="valley_area" type="MultiMeshSystem" parent="active_entities"]
transform = Transform( 1, 0, 0, 0, 1, 0, 0, 0, 1, -164.23, -233.328, 214.16 )

[node name="bug_pickup5" parent="active_entities/valley_area" instance=ExtResource( 7 )]
transform = Transform( 0.0319118, 0, -0.999491, 0, 1, 0, 0.999491, 0, 0.0319118, -9.10364, -12.0067, 13.6578 )

[node name="crawly3" parent="active_entities/valley_area" instance=ExtResource( 6 )]
transform = Transform( -0.322558, 0, -0.94655, 0, 1, 0, 0.94655, 0, -0.322558, -14.1066, -12.9077, 7.95784 )

[node name="rock_kinematic" parent="active_entities/valley_area" instance=ExtResource( 15 )]
transform = Transform( 1, 0, 0, 0, 0.995415, -0.0956481, 0, 0.0956481, 0.995415, 19.3714, -15.5787, 12.8078 )
initial_velocity = 4.0

[node name="rock_kinematic2" parent="active_entities/valley_area" instance=ExtResource( 15 )]
transform = Transform( -0.410963, -0.281132, 0.867222, -0.394995, 0.912248, 0.108546, -0.821637, -0.29794, -0.485946, 26.5284, -15.3707, 15.2888 )
initial_velocity = 4.0

[node name="bug_pickup6" parent="active_entities/valley_area" instance=ExtResource( 7 )]
transform = Transform( 1, 0, 0, 0, 1, 0, 0, 0, 1, 27.3574, 0.239258, 9.02985 )
quantity = 5

[node name="gem_pickup" parent="active_entities/valley_area" instance=ExtResource( 8 )]
transform = Transform( 1, 0, 0, 0, 1, 0, 0, 0, 1, 26.3744, -0.545731, 9.31685 )
quantity = 3

[node name="gem_pickup2" parent="active_entities/valley_area" instance=ExtResource( 8 )]
transform = Transform( 1, 0, 0, 0, 1, 0, 0, 0, 1, 27.0604, -0.27774, 7.33984 )
quantity = 3

[node name="gem_pickup3" parent="active_entities/valley_area" instance=ExtResource( 8 )]
transform = Transform( 1, 0, 0, 0, 1, 0, 0, 0, 1, 28.9784, -0.425735, 10.3178 )
quantity = 3

[node name="gem_pickup6" parent="active_entities/valley_area" instance=ExtResource( 8 )]
transform = Transform( 1, 0, 0, 0, 1, 0, 0, 0, 1, -13.3906, 7.53827, 2.29384 )

[node name="bug_pickup7" parent="active_entities/valley_area" instance=ExtResource( 7 )]
transform = Transform( 1, 0, 0, 0, 1, 0, 0, 0, 1, 5.53535, 2.72626, -15.3202 )
quantity = 3

[node name="ruin1" parent="active_entities/valley_area" instance=ExtResource( 5 )]
transform = Transform( -0.467488, 0, -0.883999, 0, 1, 0, 0.883999, 0, -0.467488, 384.145, -17.8439, -61.5009 )

[node name="ruin2" parent="active_entities/valley_area/ruin1" instance=ExtResource( 5 )]
transform = Transform( 0.185073, 0, 0.982725, 0, 1, 0, -0.982725, 0, 0.185073, 38.096, -1.18219, 7.65222 )

[node name="wall1" parent="active_entities/valley_area" instance=ExtResource( 22 )]
transform = Transform( -0.450131, 0.227697, 0.863444, 0, 0.966944, -0.25499, -0.892962, -0.114779, -0.435252, 392.376, -22.1013, -24.5028 )

[node name="wall2" parent="active_entities/valley_area" instance=ExtResource( 22 )]
transform = Transform( -0.0613239, 0.066401, 0.995907, 0.0392262, -0.996853, 0.0688795, 0.997347, 0.0432895, 0.0585263, 379.247, -10.9866, -17.2047 )

[node name="master_hut" parent="active_entities/valley_area" instance=ExtResource( 21 )]
transform = Transform( -0.320566, 0.947226, 0, -0.947226, -0.320566, 0, 0, 0, 1, 362.305, -18.8004, 7.1602 )

[node name="rock1" parent="active_entities/valley_area" instance=ExtResource( 3 )]
transform = Transform( -0.0629728, 0.610932, -0.789175, -0.99473, -0.102533, 0, -0.0809167, 0.785016, 0.614169, 404.655, -16.1142, 5.6328 )

[node name="area_combat2" type="MultiMeshSystem" parent="active_entities"]
transform = Transform( 1, 0, 0, 0, 1, 0, 0, 0, 1, 196.82, -249.243, 179.434 )

[node name="deathgnat" parent="active_entities/area_combat2" instance=ExtResource( 2 )]
transform = Transform( -0.999677, 0, 0.0254089, 0, 1, 0, -0.0254089, 0, -0.999677, 2.70544, 9.03828, 40.5663 )
respawns = false
reset_on_player_death = true
speed = 0.0

[node name="crawly2" parent="active_entities/area_combat2" instance=ExtResource( 6 )]
transform = Transform( -0.815024, 0, -0.579427, 0, 1, 0, 0.579427, 0, -0.815024, -0.337921, -0.319763, 0.549179 )
respawns = false
reset_on_player_death = true
mesh_node = NodePath("../crawly/Armature/Skeleton/crawly")

[node name="crawly" parent="active_entities/area_combat2" instance=ExtResource( 6 )]
transform = Transform( -0.941863, 0, 0.335998, 0, 1, 0, -0.335998, 0, -0.941863, 37.4859, 0.781143, 17.7719 )
reset_on_player_death = true

[node name="gem_pickup" parent="active_entities/area_combat2" instance=ExtResource( 8 )]
transform = Transform( 1, 0, 0, 0, 1, 0, 0, 0, 1, 17.3745, 0.461624, -25.8975 )

[node name="gem_pickup2" parent="active_entities/area_combat2" instance=ExtResource( 8 )]
transform = Transform( 1, 0, 0, 0, 1, 0, 0, 0, 1, 24.7222, 0.16983, -26.9765 )

[node name="gem_pickup3" parent="active_entities/area_combat2" instance=ExtResource( 8 )]
transform = Transform( 1, 0, 0, 0, 1, 0, 0, 0, 1, 3.87154, 0.509659, 6.25519 )

[node name="bug_pickup" parent="active_entities/area_combat2" instance=ExtResource( 7 )]
transform = Transform( 1, 0, 0, 0, 1, 0, 0, 0, 1, 5.20743, 1.58229, 37.6834 )

[node name="gem_pickup8" parent="active_entities/area_combat2" instance=ExtResource( 8 )]
transform = Transform( 1, 0, 0, 0, 1, 0, 0, 0, 1, 10.3429, 5.51404, 16.2122 )

[node name="bug_pickup5" parent="active_entities/area_combat2" instance=ExtResource( 7 )]
transform = Transform( 0.985514, 0.0431311, -0.164015, -0.050999, 0.997725, -0.0440651, 0.161741, 0.0517912, 0.985473, 1.03358, 4.2775, 56.3873 )

[node name="gem_pickup10" parent="active_entities/area_combat2" instance=ExtResource( 8 )]
transform = Transform( 1, 0, 0, 0, 1, 0, 0, 0, 1, 14.0395, -0.0323792, 15.2855 )
