[gd_scene load_steps=13 format=2]

[ext_resource path="res://areas/chunk_content.gd" type="Script" id=1]
[ext_resource path="res://entities/env/train_set/20m_straight.tscn" type="PackedScene" id=2]
[ext_resource path="res://entities/env/train_set/straight_to_15.tscn" type="PackedScene" id=3]
[ext_resource path="res://entities/env/train_set/20m-1v-straight_to_straight.tscn" type="PackedScene" id=4]
[ext_resource path="res://entities/env/train_set/20m-1v-straight_to_slant.tscn" type="PackedScene" id=5]
[ext_resource path="res://entities/env/train_set/20m-1v-slant_to_straight.tscn" type="PackedScene" id=6]
[ext_resource path="res://entities/env/train_set/20m-1v-slant_to_slant.tscn" type="PackedScene" id=7]
[ext_resource path="res://material/env/stone/gravel1.png" type="Texture" id=8]
[ext_resource path="res://material/triplanar.shader" type="Shader" id=9]
[ext_resource path="res://material/env/stone/sand1.jpg" type="Texture" id=10]

[sub_resource type="ShaderMaterial" id=9]
shader = ExtResource( 9 )
shader_param/wall_scale = 0.5
shader_param/ground_scale = 0.5
shader_param/power = 0.5
shader_param/softness = 0.5
shader_param/specularity_ground = 1.0
shader_param/specularity_wall = 1.0
shader_param/specularity_ceiling = 1.0
shader_param/light_bias = 0.0
shader_param/shadow_normal_offset = 0.2
shader_param/wall = ExtResource( 10 )
shader_param/ground = ExtResource( 8 )
shader_param/ceiling = ExtResource( 10 )

[sub_resource type="Curve3D" id=10]
resource_local_to_scene = true
_data = {
"points": PoolVector3Array( 0, 0, 0, 0, 0, 0, 0.421227, -2.9306, 7.89667, 0, 0, 0, 0, 0, 0, 0.191895, -0.2306, 1.45094, 0, 0, 0, 0, 0, 0, 0.0229912, -0.2306, -19.6919, 0, 0, 0, 0, 0, 0, 0.738789, -0.34832, -32.3623, 0, 0, 0, 0, 0, 0, 13.3441, -0.2306, -67.7261, 0, 0, 0, 0, 0, 0, 20.0063, -0.2306, -77.917, 0, 0, 0, 0, 0, 0, 100.709, -0.171154, -174.537, 0, 0, 0, 0, 0, 0, 107.867, -0.3306, -188.823, 0, 0, 0, 0, 0, 0, 132.057, -0.2306, -252.994, 0, 0, 0, 0, 0, 0, 134.516, 0.6694, -260.987, -1.54, 0.05, 5.01, 1.54, -0.05, -5.01, 150.276, 0.8694, -303.945, 0, 0, 0, 0, 0, 0, 155.49, 1.6694, -319.98, -1.7, -0.2, 4.8, 1.7, 0.2, -4.8, 161.279, 2.6694, -336.209, 0, 0, 0, 0, 0, 0, 165.645, 2.7694, -347.447, 0, 0, 0, 0, 0, 0, 166.378, 2.6694, -358.606, 0, 0, 0, 0, 0, 0, 166.355, 2.8694, -366.909, 0, 0, 0, 0, 0, 0, 166.32, 5.1694, -410.459, 0, 0, 0, 0, 0, 0, 166.049, 5.6694, -418.417, 0.54, -0.06, 8.19, -0.54, 0.06, -8.19, 165.884, 5.6694, -430.748, 0, 0, 0, 0, 0, 0, 161.479, 5.7694, -446.751, 2.7, -0.64, 10.08, -2.7, 0.64, -10.08, 155.435, 6.7694, -463.502, 0, 0, 0, 0, 0, 0, 148.549, 7.8694, -486.094, 1.06, -0.08, 3.96, -1.06, 0.08, -3.96, 139.632, 9.6694, -519.399, 0, 0, 0, 0, 0, 0, 134.438, 10.7694, -541.555 ),
"tilts": PoolRealArray( 0, 0, 0, 0, 0, 0, 0, 0, 0, 0, 0, 0, 0, 0, 0, 0, 0, 0, 0, 0, 0, 0, 0, 0 )
}

[node name="chunk134" type="Spatial"]
script = ExtResource( 1 )

[node name="rail" parent="." instance=ExtResource( 2 )]
transform = Transform( 0.98724, -7.10543e-15, -0.159238, -1.77636e-15, 1, -7.10543e-15, 0.159238, -1.42109e-14, 0.98724, -252.737, 1.6306, 13.6416 )

[node name="straight_to_15" parent="rail" instance=ExtResource( 3 )]
transform = Transform( 1, -2.11758e-22, 0, -3.17637e-22, 1, -1.69407e-21, 0, -8.47033e-22, 1, 20, 0, 0 )

[node name="20m_straight" parent="rail/straight_to_15" instance=ExtResource( 2 )]
transform = Transform( 0.939692, -2.11758e-22, -0.34202, 0, 1, -1.27055e-21, 0.34202, -8.47033e-22, 0.939692, 21.5036, 0, 3.50656 )

[node name="straight_to_16" parent="rail/straight_to_15" instance=ExtResource( 3 )]
transform = Transform( 0.939692, -2.11758e-22, -0.34202, -1.27055e-21, 1, -4.65868e-21, 0.34202, -8.47033e-22, 0.939692, 40.2995, 0, 10.3445 )

[node name="20m_straight" parent="rail/straight_to_15/straight_to_16" instance=ExtResource( 2 )]
transform = Transform( 0.939692, -2.11758e-22, -0.34202, 0, 1, -1.27055e-21, 0.34202, -8.47033e-22, 0.939692, 21.5036, 0, 3.50656 )

[node name="20m_straight2" parent="rail/straight_to_15/straight_to_16" instance=ExtResource( 2 )]
transform = Transform( 0.939692, -4.23516e-22, -0.34202, 0, 1, -3.38813e-21, 0.34202, 0, 0.939692, 40.2975, 0, 10.347 )

[node name="20m_straight3" parent="rail/straight_to_15/straight_to_16" instance=ExtResource( 2 )]
transform = Transform( 0.939692, -4.23516e-22, -0.34202, 0, 1, -5.92923e-21, 0.34202, 0, 0.939692, 59.0913, 0, 17.1874 )

[node name="20m_straight4" parent="rail/straight_to_15/straight_to_16" instance=ExtResource( 2 )]
transform = Transform( 0.939692, -4.23516e-22, -0.34202, 0, 1, -3.38813e-21, 0.34202, 0, 0.939692, 77.8852, 0, 24.0278 )

[node name="20m_straight5" parent="rail/straight_to_15/straight_to_16/20m_straight4" instance=ExtResource( 2 )]
transform = Transform( 1, 8.47033e-22, 2.98023e-08, -4.23516e-22, 1, -2.96462e-21, -2.98023e-08, 0, 1, 20, 0, 1.52588e-05 )

[node name="20m_straight6" parent="rail/straight_to_15/straight_to_16/20m_straight4" instance=ExtResource( 2 )]
transform = Transform( 1, 8.47033e-22, 2.98023e-08, -4.23516e-22, 1, -5.50571e-21, -2.98023e-08, 0, 1, 40, 0, 4.57764e-05 )

[node name="straight_to_17" parent="rail" instance=ExtResource( 3 )]
transform = Transform( -0.939693, -1.05879e-21, 0.34202, 8.47033e-22, 1, 3.81165e-21, -0.34202, -8.47033e-22, -0.939693, 190.22, 0, 108.768 )

[node name="20m_straight" parent="rail/straight_to_17" instance=ExtResource( 2 )]
transform = Transform( -1, 0, -1.50996e-07, 0, 1, 0, 1.50996e-07, 0, -1, 0, 0, 0 )

[node name="20m_straight2" parent="rail/straight_to_17" instance=ExtResource( 2 )]
transform = Transform( -1, 1.69407e-21, -1.19209e-07, -8.47033e-22, 1, 0, 1.19209e-07, 0, -1, -20, 0, 1.52588e-05 )

[node name="20m_straight3" parent="rail/straight_to_17" instance=ExtResource( 2 )]
transform = Transform( -1, 2.96462e-21, -1.19209e-07, -1.69407e-21, 1, 0, 1.19209e-07, 8.47033e-22, -1, -40, 0, 1.52588e-05 )

[node name="20m-1v-straight_to_straight" parent="rail" instance=ExtResource( 4 )]
transform = Transform( -0.939693, -4.02341e-21, 0.34202, 2.11758e-21, 1, 5.92923e-21, -0.34202, -1.69407e-21, -0.939693, 265.294, 1, 136.096 )

[node name="20m_straight" parent="rail/20m-1v-straight_to_straight" instance=ExtResource( 2 )]
transform = Transform( -0.999968, -1.31296e-14, -0.00799772, 4.05076e-15, 1, 6.10197e-15, 0.00799772, -8.94712e-15, -0.999968, 0.0218124, -0.00309515, 0.00259399 )

[node name="20m_straight2" parent="rail/20m-1v-straight_to_straight/20m_straight" instance=ExtResource( 2 )]
transform = Transform( 1, 0, 0, -5.04871e-29, 1, -1.51461e-28, 0, 0, 1, 20, 0, -1.52588e-05 )

[node name="20m-1v-slant_to_straight" parent="rail/20m-1v-straight_to_straight/20m_straight" instance=ExtResource( 6 )]
transform = Transform( -0.999968, -1.30576e-14, 0.00799772, 4.09943e-15, 1, 6.06938e-15, -0.00799772, -9.05184e-15, -0.999968, 59.9151, 1.0031, 0.173294 )

[node name="20m-1v-straight_to_slant" parent="rail/20m-1v-straight_to_straight/20m_straight" instance=ExtResource( 5 )]
transform = Transform( -0.999968, -1.30576e-14, 0.00799772, 4.09943e-15, 1, 6.06937e-15, -0.00799772, -9.05184e-15, -0.999968, 79.8145, 2.0031, 0.332474 )

[node name="straight_to_16" parent="rail/20m-1v-straight_to_straight" instance=ExtResource( 3 )]
transform = Transform( 0.939693, 1.27055e-21, 0.34202, -2.11758e-22, 1, -1.18585e-20, -0.34202, 0, 0.939693, -101.177, 2, 4.37001 )

[node name="20m-1v-slant_to_straight" parent="rail/20m-1v-straight_to_straight/straight_to_16" instance=ExtResource( 6 )]
transform = Transform( 1, 2.32934e-21, -4.47035e-08, -2.11758e-22, 1, 0, 4.47035e-08, -8.47033e-22, 1, -20, 1, 0 )

[node name="20m-1v-slant_to_slant" parent="rail/20m-1v-straight_to_straight/straight_to_16" instance=ExtResource( 7 )]
transform = Transform( 1, 4.87044e-21, -8.9407e-08, -6.35275e-22, 1, 0, 8.9407e-08, -8.47033e-22, 1, -40.1, 2, -4.57764e-05 )

[node name="20m-1v-straight_to_slant" parent="rail/20m-1v-straight_to_straight/straight_to_16/20m-1v-slant_to_slant" instance=ExtResource( 5 )]
transform = Transform( 1, 2.11758e-22, -2.98023e-08, -4.23516e-22, 1, 0, 2.98023e-08, 0, 1, -19.9, 1, -1.52588e-05 )

[node name="straight_to_15" parent="rail/20m-1v-straight_to_straight/straight_to_16" instance=ExtResource( 3 )]
transform = Transform( 0.939692, 9.95264e-21, 0.34202, 1.16467e-21, 1, -8.47033e-22, -0.34202, -1.69407e-21, 0.939692, -81.4258, 3.00147, 4.05946 )

[node name="20m-1v-slant_to_straight" parent="rail/20m-1v-straight_to_straight/straight_to_16/straight_to_15" instance=ExtResource( 6 )]
transform = Transform( 0.999117, 2.11758e-22, -0.0420299, 4.23516e-22, 1, 0, 0.0420299, -8.47033e-22, 0.999117, -19.9645, 1, -0.843018 )

[node name="20m-1v-slant_to_slant" parent="rail/20m-1v-straight_to_straight/straight_to_16/straight_to_15/20m-1v-slant_to_straight" instance=ExtResource( 7 )]
transform = Transform( 1, -2.11758e-22, 2.98023e-08, 0, 1, -2.5411e-21, -2.98023e-08, 8.47033e-22, 1, -19.9, 1, 0 )

[node name="20m-1v-slant_to_slant2" parent="rail/20m-1v-straight_to_straight/straight_to_16/straight_to_15/20m-1v-slant_to_straight" instance=ExtResource( 7 )]
transform = Transform( 0.999888, 0, -0.015031, 0, 1, 0, 0.015031, 0, 0.999888, -39.795, 2, -0.299957 )

[node name="20m-1v-slant_to_slant3" parent="rail/20m-1v-straight_to_straight/straight_to_16/straight_to_15/20m-1v-slant_to_straight" instance=ExtResource( 7 )]
transform = Transform( 0.99882, 4.23516e-22, -0.0485896, -1.05879e-22, 1, -1.69407e-21, 0.0485896, -8.47033e-22, 0.99882, -59.6565, 3, -1.27289 )

[node name="20m-1v-slant_to_straight" parent="rail/20m-1v-straight_to_straight/straight_to_16/straight_to_15/20m-1v-slant_to_straight" instance=ExtResource( 6 )]
transform = Transform( 0.997695, -0.00203825, -0.0678599, 0.000920373, 0.999863, -0.0165006, 0.0678843, 0.0164001, 0.99756, -79.413, 3.98164, -2.60056 )

[node name="rail_gravel3" type="CSGPolygon" parent="rail"]
transform = Transform( -4.37114e-08, 0, -1, 0, 1, 0, 1, 0, -4.37114e-08, 0, 0, 0 )
use_collision = true
collision_layer = 257
polygon = PoolVector2Array( -3.491, -0.240085, -2.1, 0, 1.7, 0, 3.8, -0.8, 6.1, -4.4, -5.2, -1.7 )
mode = 2
path_node = NodePath("Path")
path_interval_type = 0
path_interval = 1.0
path_simplify_angle = 0.1
path_rotation = 2
path_local = true
path_continuous_u = true
path_u_distance = 1.0
path_joined = false
smooth_faces = true
material = SubResource( 9 )

[node name="Path" type="Path" parent="rail/rail_gravel3"]
curve = SubResource( 10 )

[node name="active_entities" type="Spatial" parent="."]
