[gd_scene load_steps=23 format=2]

[ext_resource path="res://_glb/chunks/chunk074.glb" type="PackedScene" id=1]
[ext_resource path="res://items/item_pickup.tscn" type="PackedScene" id=2]
[ext_resource path="res://ui/items/vis/mesh_wave_shot.tscn" type="PackedScene" id=3]
[ext_resource path="res://entities/env/copper/table2.tscn" type="PackedScene" id=4]
[ext_resource path="res://items/ammo/wave_shot_pickup.tscn" type="PackedScene" id=5]
[ext_resource path="res://material/env/copper/copper_corroded.material" type="Material" id=6]
[ext_resource path="res://entities/enemies/crawly.tscn" type="PackedScene" id=7]
[ext_resource path="res://items/bug_pickup.tscn" type="PackedScene" id=8]
[ext_resource path="res://entities/enemies/deathgnat.tscn" type="PackedScene" id=9]
[ext_resource path="res://material/env/stone/cobblestone1.png" type="Texture" id=10]
[ext_resource path="res://areas/chunk_content.gd" type="Script" id=11]
[ext_resource path="res://material/env/stone/sand1.jpg" type="Texture" id=12]
[ext_resource path="res://material/triplanar_local_coords.shader" type="Shader" id=13]
[ext_resource path="res://items/gem_pickup.tscn" type="PackedScene" id=14]
[ext_resource path="res://entities/env/copper/copper_fountain.tscn" type="PackedScene" id=15]
[ext_resource path="res://entities/env/copper/pail.tscn" type="PackedScene" id=16]
[ext_resource path="res://entities/env/copper/crate1.tscn" type="PackedScene" id=17]
[ext_resource path="res://items/random_ammo_pickup.tscn" type="PackedScene" id=18]
[ext_resource path="res://entities/env/electrical/light_wall.tscn" type="PackedScene" id=19]
[ext_resource path="res://tutorial_prompt.gd" type="Script" id=20]

[sub_resource type="ShaderMaterial" id=1]
shader = ExtResource( 13 )
shader_param/uv_scale = 0.25
shader_param/power = 1.0
shader_param/softness = 0.5
shader_param/specularity = 1.0
shader_param/light_bias = 0.0
shader_param/wall = ExtResource( 12 )
shader_param/ground = ExtResource( 10 )
shader_param/ceiling = ExtResource( 10 )

[sub_resource type="BoxShape" id=2]
extents = Vector3( 34.6099, 2.54438, 34.9133 )

[node name="chunk074" instance=ExtResource( 1 )]
script = ExtResource( 11 )

[node name="palace" parent="." index="0"]
material/0 = ExtResource( 6 )

[node name="palace_roof" parent="palace" index="0"]
material/0 = ExtResource( 6 )

[node name="StaticBody" parent="palace/palace_roof" index="0"]
collision_layer = 257

[node name="StaticBody" parent="palace" index="1"]
collision_layer = 257

[node name="museum" parent="." index="1"]
material/0 = ExtResource( 6 )

[node name="city_buildings1" parent="." index="2"]
material/0 = ExtResource( 6 )

[node name="road" parent="." index="3"]
material/0 = SubResource( 1 )
material/1 = ExtResource( 6 )

[node name="palace_outer" parent="." index="4"]
material/0 = ExtResource( 6 )

[node name="StaticBody" parent="palace_outer" index="0"]
collision_layer = 257

[node name="copper_fountain" parent="." index="5" instance=ExtResource( 15 )]
transform = Transform( 1, 0, 0, 0, 1, 0, 0, 0, 1, -64.5609, 416.404, 185.064 )

[node name="active_entities" type="Spatial" parent="." index="6"]

[node name="pail" parent="active_entities" index="0" instance=ExtResource( 16 )]
transform = Transform( 0.170697, -0.790254, -0.588525, 0.220135, 0.61278, -0.758974, 0.960418, 5.96046e-08, 0.278562, -65.4826, 415.422, 187.596 )

[node name="pail2" parent="active_entities" index="1" instance=ExtResource( 16 )]
transform = Transform( 0.974152, 0.224354, -0.0263184, 0.168035, -0.797573, -0.579345, -0.150969, 0.559948, -0.814657, -67.5226, 415.81, 183.236 )

[node name="pail3" parent="active_entities" index="2" instance=ExtResource( 16 )]
transform = Transform( 0.974152, 0.224354, -0.0263184, -0.18464, 0.85795, 0.479406, 0.130137, -0.462155, 0.877198, -63.3448, 415.239, 188.108 )

[node name="bug_pickup" parent="active_entities" index="3" instance=ExtResource( 8 )]
transform = Transform( 1, 0, 0, 0, 1, 0, 0, 0, 1, -66.1718, 417.154, 186.606 )

[node name="bug_pickup2" parent="active_entities" index="4" instance=ExtResource( 8 )]
transform = Transform( 1, 0, 0, 0, 1, 0, 0, 0, 1, -63.1117, 417.154, 183.536 )

[node name="area_weapon_encounter" type="MultiMeshSystem" parent="active_entities" index="5"]
transform = Transform( 1, 0, 0, 0, 1, 0, 0, 0, 1, -56.8965, 418.607, 121.352 )

[node name="bug_pickup" parent="active_entities/area_weapon_encounter" index="0" instance=ExtResource( 8 )]
transform = Transform( -0.90436, 0, -0.426771, 0, 1, 0, 0.426771, 0, -0.90436, -2.11816, 14.6228, -0.503212 )
quantity = 5

[node name="bug_pickup2" parent="active_entities/area_weapon_encounter" index="1" instance=ExtResource( 8 )]
transform = Transform( -0.999431, 0, -0.0337371, 0, 1, 0, 0.0337371, 0, -0.999431, 0.72271, 15.1627, 1.23758 )
quantity = 5

[node name="bug_pickup3" parent="active_entities/area_weapon_encounter" index="2" instance=ExtResource( 8 )]
transform = Transform( 1, 0, 0, 0, 1, 0, 0, 0, 1, -9.79267, 14.8835, 9.59576 )
quantity = 5

[node name="crawly" parent="active_entities/area_weapon_encounter" index="3" instance=ExtResource( 7 )]
transform = Transform( -0.585743, 0, -0.810497, 0, 1, 0, 0.810497, 0, -0.585743, -14.2466, -0.121674, -0.162376 )

[node name="crawly2" parent="active_entities/area_weapon_encounter" index="4" instance=ExtResource( 7 )]
transform = Transform( 0.435112, 0, -0.900376, 0, 1, 0, 0.900376, 0, 0.435112, -10.9788, -0.121674, 5.95401 )

[node name="deathgnat" parent="active_entities/area_weapon_encounter" index="5" instance=ExtResource( 9 )]
transform = Transform( 1, 0, 0, 0, 1, 0, 0, 0, 1, -14.423, 17.078, 0.166504 )

[node name="table2" parent="active_entities/area_weapon_encounter" index="6" instance=ExtResource( 4 )]

[node name="wep_wave_shot_pickup" parent="active_entities/area_weapon_encounter/table2" index="1" instance=ExtResource( 2 )]
transform = Transform( 0.475653, 0.879633, 0, -0.879633, 0.475653, 0, 0, 0, 1, -0.107029, 0.566101, -0.11512 )
item_id = "wep_wave_shot"
preview = ExtResource( 3 )
friendly_name = "wave_shot_palace_074"

[node name="wave_shot_pickup" parent="active_entities/area_weapon_encounter/table2" index="2" instance=ExtResource( 5 )]
transform = Transform( 1, 0, 0, 0, 1, 0, 0, 0, 1, 0.0519638, 0.510895, -1.21809 )
respawn_on_player_death = false

[node name="wave_shot_pickup2" parent="active_entities/area_weapon_encounter/table2" index="3" instance=ExtResource( 5 )]
transform = Transform( 1, 0, 0, 0, 1, 0, 0, 0, 1, -0.052002, 0.511292, -0.863594 )
respawn_on_player_death = false

[node name="wave_shot_pickup3" parent="active_entities/area_weapon_encounter/table2" index="4" instance=ExtResource( 5 )]
transform = Transform( 1, 0, 0, 0, 1, 0, 0, 0, 1, -0.0424118, 0.511322, 0.536713 )
respawn_on_player_death = false

[node name="wave_shot_pickup4" parent="active_entities/area_weapon_encounter/table2" index="5" instance=ExtResource( 5 )]
transform = Transform( 1, 0, 0, 0, 1, 0, 0, 0, 1, 0.205795, 0.511292, 1.10822 )
respawn_on_player_death = false

[node name="bug_pickup4" parent="active_entities/area_weapon_encounter" index="7" instance=ExtResource( 8 )]
transform = Transform( 1, 0, 0, 0, 1, 0, 0, 0, 1, -15.2228, 26.367, 0.803345 )

[node name="bug_pickup" parent="active_entities/area_weapon_encounter/bug_pickup4" index="5" instance=ExtResource( 8 )]
transform = Transform( -0.963472, 0, 0.26781, 0, 1, 0, -0.26781, 0, -0.963472, 2.08562, -0.212891, 0.676384 )

[node name="gem_pickup" parent="active_entities/area_weapon_encounter" index="8" instance=ExtResource( 14 )]
transform = Transform( 1, 0, 0, 0, 1, 0, 0, 0, 1, -13.7565, 19.0405, 25.0592 )

[node name="gem_pickup2" parent="active_entities/area_weapon_encounter" index="9" instance=ExtResource( 14 )]
transform = Transform( 1, 0, 0, 0, 1, 0, 0, 0, 1, -3.71696, 18.9616, 22.0659 )

[node name="gem_pickup3" parent="active_entities/area_weapon_encounter" index="10" instance=ExtResource( 14 )]
transform = Transform( 1, 0, 0, 0, 1, 0, 0, 0, 1, 4.30562, 18.743, 15.3346 )

[node name="gem_pickup4" parent="active_entities/area_weapon_encounter" index="11" instance=ExtResource( 14 )]
transform = Transform( 1, 0, 0, 0, 1, 0, 0, 0, 1, 9.02937, 18.4533, 6.88029 )

[node name="gem_pickup5" parent="active_entities/area_weapon_encounter" index="12" instance=ExtResource( 14 )]
transform = Transform( 1, 0, 0, 0, 1, 0, 0, 0, 1, 9.1535, 17.8997, -8.57975 )

[node name="gem_pickup6" parent="active_entities/area_weapon_encounter" index="13" instance=ExtResource( 14 )]
transform = Transform( 1, 0, 0, 0, 1, 0, 0, 0, 1, 4.30013, 17.5647, -17.5445 )

[node name="gem_pickup7" parent="active_entities/area_weapon_encounter" index="14" instance=ExtResource( 14 )]
transform = Transform( 1, 0, 0, 0, 1, 0, 0, 0, 1, -3.81746, 17.3089, -24.0438 )

[node name="gem_pickup8" parent="active_entities/area_weapon_encounter" index="15" instance=ExtResource( 14 )]
transform = Transform( 1, 0, 0, 0, 1, 0, 0, 0, 1, -13.4108, 17.1758, -27.0024 )

[node name="crate1" parent="active_entities/area_weapon_encounter" index="16" instance=ExtResource( 17 )]
transform = Transform( 1, 0, 0, 0, 0.999582, -0.0289071, 0, 0.0289071, 0.999582, 0.912373, 12.9889, 0.422859 )

[node name="random_ammo_pickup" parent="active_entities/area_weapon_encounter/crate1" index="3" instance=ExtResource( 18 )]
transform = Transform( 1, 0, 0, 0, 1, 0, 0, 0, 1, 0.0450287, -0.00311279, -0.419067 )

[node name="random_ammo_pickup2" parent="active_entities/area_weapon_encounter/crate1" index="4" instance=ExtResource( 18 )]
transform = Transform( 1, 0, 0, 0, 1, 0, 0, 0, 1, 0.0450287, 0.009552, 0.0179596 )

[node name="random_ammo_pickup3" parent="active_entities/area_weapon_encounter/crate1" index="5" instance=ExtResource( 18 )]
transform = Transform( 1, 0, 0, 0, 1, 0, 0, 0, 1, 0.0450287, 0.0259094, 0.584137 )

[node name="light_wall" parent="active_entities/area_weapon_encounter" index="17" instance=ExtResource( 19 )]
transform = Transform( -4.37114e-08, -1, 0, 1, -4.37114e-08, 0, 0, 0, 1, 1.11112, 2.21902, -0.0079422 )

[node name="light_wall2" parent="active_entities/area_weapon_encounter" index="18" instance=ExtResource( 19 )]
transform = Transform( -0.0181119, -0.966289, 0.256821, 0.999824, -0.0187404, 0, 0.00481293, 0.256776, 0.966459, -28.7034, 4.36127, 4.39098 )

[node name="light_wall3" parent="active_entities/area_weapon_encounter" index="19" instance=ExtResource( 19 )]
transform = Transform( -4.19834e-08, -0.960468, -0.278392, 1, -4.37114e-08, 0, -1.21689e-08, -0.278392, 0.960468, -28.6264, 4.56726, -3.79681 )

[node name="area_buildings1" type="MultiMeshSystem" parent="active_entities" index="6"]
transform = Transform( 1, 0, 0, 0, 1, 0, 0, 0, 1, -15.5205, 428.219, 0.163052 )

[node name="bug_pickup" parent="active_entities/area_buildings1" index="0" instance=ExtResource( 8 )]
transform = Transform( 1, 0, 0, 0, 1, 0, 0, 0, 1, -26.4047, 11.252, 70.8627 )

[node name="bug_pickup2" parent="active_entities/area_buildings1" index="1" instance=ExtResource( 8 )]
transform = Transform( 1, 0, 0, 0, 1, 0, 0, 0, 1, -4.74863, 13.2626, 50.5258 )

[node name="bug_pickup3" parent="active_entities" index="7" instance=ExtResource( 8 )]
transform = Transform( -0.496632, 0, -0.867961, 0, 1, 0, 0.867961, 0, -0.496632, 10.2992, 460.606, 98.8584 )

[node name="bug_pickup4" parent="active_entities" index="8" instance=ExtResource( 8 )]
transform = Transform( -0.812619, 0, -0.582796, 0, 1, 0, 0.582796, 0, -0.812619, -77.5159, 425.732, 129.391 )

[node name="bug_pickup5" parent="active_entities" index="9" instance=ExtResource( 8 )]
transform = Transform( 1, 0, 0, 0, 1, 0, 0, 0, 1, 99.2642, 483.052, 51.069 )

[node name="bug_pickup6" parent="active_entities" index="10" instance=ExtResource( 8 )]
transform = Transform( 1, 0, 0, 0, 1, 0, 0, 0, 1, 99.2236, 483.052, 54.0412 )

[node name="reset_tutorial" type="Area" parent="active_entities" index="11"]
transform = Transform( 1, 0, 0, 0, 1, 0, 0, 0, 1, 100.4, 416.478, 13.9229 )
collision_layer = 0
collision_mask = 2
script = ExtResource( 20 )
input_actions = [ "reset" ]
text = "(Hold) Reset to Checkpoint"

[node name="CollisionShape" type="CollisionShape" parent="active_entities/reset_tutorial" index="0"]
shape = SubResource( 2 )
