[gd_scene load_steps=16 format=2]

[ext_resource path="res://areas/chunk_content.gd" type="Script" id=1]
[ext_resource path="res://entities/env/copper/palace1.tscn" type="PackedScene" id=2]
[ext_resource path="res://entities/env/copper/palace2.tscn" type="PackedScene" id=3]
[ext_resource path="res://entities/env/copper/palace_roof1.tscn" type="PackedScene" id=4]
[ext_resource path="res://entities/env/copper/scrap_pile1.tscn" type="PackedScene" id=5]
[ext_resource path="res://items/upgrades/health_up_pickup.tscn" type="PackedScene" id=6]
[ext_resource path="res://entities/env/copper/scrap1.tscn" type="PackedScene" id=7]
[ext_resource path="res://entities/env/copper/scrap_pile2.tscn" type="PackedScene" id=8]
[ext_resource path="res://items/gem_pickup.tscn" type="PackedScene" id=9]
[ext_resource path="res://items/coat_pickup.tscn" type="PackedScene" id=10]
[ext_resource path="res://entities/enemies/deathgnat.tscn" type="PackedScene" id=11]
[ext_resource path="res://items/bug_pickup.tscn" type="PackedScene" id=12]
[ext_resource path="res://entities/enemies/crawly.tscn" type="PackedScene" id=13]
[ext_resource path="res://entities/env/ancient/ascrap1.tscn" type="PackedScene" id=14]
[ext_resource path="res://entities/env/copper/scrap3.tscn" type="PackedScene" id=16]

[node name="chunk126" type="MultiMeshSystem"]
script = ExtResource( 1 )

[node name="zone_tower" type="Spatial" parent="."]
transform = Transform( 1, 0, 0, 0, 1, 0, 0, 0, 1, 130.951, 0, 72.1417 )

[node name="palace1" parent="zone_tower" instance=ExtResource( 2 )]
transform = Transform( 0.845691, -6.74508e-09, -0.533674, -0.533674, -2.33276e-08, -0.845691, -6.74508e-09, 1, -2.33276e-08, 2.04927, -1, -16.1417 )

[node name="palace2" parent="zone_tower/palace1" instance=ExtResource( 3 )]
transform = Transform( 0.789213, -0.582919, 0.193256, 0.0702123, 0.398271, 0.914577, -0.610093, -0.708227, 0.355249, -7.97652, 9.00122, -12.9118 )

[node name="palace3" parent="zone_tower/palace1" instance=ExtResource( 3 )]
transform = Transform( -0.633854, -0.312414, 0.707549, -0.564366, -0.438718, -0.699298, 0.528885, -0.84257, 0.101767, -17.5874, 8.04092, -25.4549 )

[node name="palace4" parent="zone_tower/palace1" instance=ExtResource( 3 )]
transform = Transform( -0.633854, 0.595358, -0.493739, -0.564366, 0.080498, 0.82159, 0.528885, 0.799418, 0.284976, -33.9138, 10.2932, -47.1743 )

[node name="palace_roof1" parent="zone_tower/palace1" instance=ExtResource( 4 )]
transform = Transform( 0.538345, 0.291902, -0.790556, -0.0428855, 0.946368, 0.32023, 0.841633, -0.138491, 0.521991, 10.8356, 40.4064, -12.5817 )

[node name="ascrap1" parent="zone_tower/palace1" instance=ExtResource( 14 )]
transform = Transform( -0.729684, -0.566665, 0.382687, -0.429628, -0.0554527, -0.901301, 0.531957, -0.82208, -0.202992, -41.2522, 10.1096, -38.7421 )

[node name="ascrap2" parent="zone_tower/palace1" instance=ExtResource( 14 )]
transform = Transform( 0.235116, 0.385293, 0.892338, -0.966997, 1.08746e-08, 0.254788, 0.0981678, -0.922793, 0.372578, 4.21139, 49.105, -3.54234 )

[node name="scrap3" parent="zone_tower/palace1" instance=ExtResource( 16 )]
transform = Transform( 0.530784, -0.545593, 0.648533, 0.84425, 0.407404, -0.348229, -0.0742242, 0.732359, 0.67686, -39.7249, 1.6665, -42.1125 )

[node name="scrap_pile2" parent="zone_tower/palace1" instance=ExtResource( 5 )]
transform = Transform( 0.569811, -0.26742, -0.777045, 0.772014, 0.49824, 0.394653, 0.281616, -0.824768, 0.490355, -45.3591, 15.5271, -35.9282 )

[node name="scrap_pile1" parent="zone_tower/palace1" instance=ExtResource( 5 )]
transform = Transform( -0.10257, -0.868572, 0.484829, -0.663587, -0.303348, -0.683837, 0.741033, -0.391868, -0.545259, -18.669, 0.5457, 5.90201 )

[node name="scrap_pile3" parent="zone_tower/palace1" instance=ExtResource( 8 )]
transform = Transform( 0.980894, -0.149036, -0.125034, 0.126446, -2.40723e-08, 0.991973, -0.14784, -0.988831, 0.018845, -37.4731, 12.9282, -43.0441 )

[node name="scrap1" parent="zone_tower" instance=ExtResource( 7 )]
transform = Transform( 1, 0, 0, 0, 0.911991, 0.41021, 0, -0.41021, 0.911991, 8.38628, 9.92188, 27.9083 )

[node name="scrap_pile2" parent="zone_tower/scrap1" instance=ExtResource( 8 )]
transform = Transform( 0.849423, -0.527712, -8.43017e-08, -0.508872, -0.819098, 0.264816, -0.139746, -0.224941, -0.964299, -6.50969, -11.6202, -1.2738 )

[node name="active_entities" type="Spatial" parent="."]

[node name="zone_tower" type="MultiMeshSystem" parent="active_entities"]
transform = Transform( 1, 0, 0, 0, 1, 0, 0, 0, 1, 130.951, 0, 72.1417 )

[node name="OmniLight" type="OmniLight" parent="active_entities/zone_tower"]
transform = Transform( -0.90098, -0.0405015, 0.431967, -0.0604579, 0.99764, -0.0325614, -0.429628, -0.055453, -0.901302, -12.1856, 54.3677, -6.06482 )
light_color = Color( 0.564706, 0.819608, 0.862745, 1 )
light_energy = 0.5

[node name="gem_pickup" parent="active_entities/zone_tower" instance=ExtResource( 9 )]
transform = Transform( 1, 0, 0, 0, 1, 0, 0, 0, 1, 8.04927, 12, 26.8583 )

[node name="gem_pickup5" parent="active_entities/zone_tower" instance=ExtResource( 9 )]
transform = Transform( 1, 0, 0, 0, 1, 0, 0, 0, 1, 17.0493, 14, 24.8583 )

[node name="gem_pickup11" parent="active_entities/zone_tower" instance=ExtResource( 9 )]
transform = Transform( 1, 0, 0, 0, 1, 0, 0, 0, 1, 3.73328, 10.921, 30.5683 )

[node name="bug_pickup" parent="active_entities/zone_tower" instance=ExtResource( 12 )]
transform = Transform( 1, 0, 0, 0, 1, 0, 0, 0, 1, 16.3133, 20.2028, 26.6812 )

[node name="bug_pickup5" parent="active_entities/zone_tower" instance=ExtResource( 12 )]
transform = Transform( 1, 0, 0, 0, 1, 0, 0, 0, 1, -1.41972, 36.2995, -15.9993 )

[node name="bug_pickup10" parent="active_entities/zone_tower" instance=ExtResource( 12 )]
transform = Transform( -0.616638, 0, 0.787247, 0, 1, 0, -0.787247, 0, -0.616638, -21.6167, 0.30562, -14.0922 )

[node name="bug_pickup11" parent="active_entities/zone_tower" instance=ExtResource( 12 )]
transform = Transform( 1, 0, 0, 0, 1, 0, 0, 0, 1, -22.4867, 19.4645, -19.0123 )

[node name="bug_pickup13" parent="active_entities/zone_tower" instance=ExtResource( 12 )]
transform = Transform( 1, 0, 0, 0, 1, 0, 0, 0, 1, -6.58573, 47.648, 9.99059 )

[node name="bug_pickup12" parent="active_entities/zone_tower" instance=ExtResource( 12 )]
transform = Transform( 1, 0, 0, 0, 1, 0, 0, 0, 1, 12.9683, 48.2797, 2.01438 )

[node name="bug_pickup14" parent="active_entities/zone_tower" instance=ExtResource( 12 )]
transform = Transform( 1, 0, 0, 0, 1, 0, 0, 0, 1, 7.90627, 63.0013, 6.13959 )

[node name="gem_pickup12" parent="active_entities/zone_tower" instance=ExtResource( 9 )]
transform = Transform( 1, 0, 0, 0, 1, 0, 0, 0, 1, 6.03427, 55.2795, 6.81519 )

[node name="gem_pickup13" parent="active_entities/zone_tower" instance=ExtResource( 9 )]
transform = Transform( 1, 0, 0, 0, 1, 0, 0, 0, 1, 3.99527, 55.0269, 6.69068 )

[node name="gem_pickup14" parent="active_entities/zone_tower" instance=ExtResource( 9 )]
transform = Transform( 1, 0, 0, 0, 1, 0, 0, 0, 1, 1.96727, 62.4562, 9.23178 )

[node name="gem_pickup15" parent="active_entities/zone_tower" instance=ExtResource( 9 )]
transform = Transform( 1, 0, 0, 0, 1, 0, 0, 0, 1, -4.45473, 61.8926, 9.07738 )

[node name="gem_pickup16" parent="active_entities/zone_tower" instance=ExtResource( 9 )]
transform = Transform( 1, 0, 0, 0, 1, 0, 0, 0, 1, -10.0227, 61.2092, 6.73399 )

[node name="gem_pickup17" parent="active_entities/zone_tower" instance=ExtResource( 9 )]
transform = Transform( 1, 0, 0, 0, 1, 0, 0, 0, 1, -14.9527, 60.6374, 3.39868 )

[node name="gem_pickup18" parent="active_entities/zone_tower" instance=ExtResource( 9 )]
transform = Transform( 1, 0, 0, 0, 1, 0, 0, 0, 1, -18.7597, 59.9944, -1.85101 )

[node name="gem_pickup21" parent="active_entities/zone_tower" instance=ExtResource( 9 )]
transform = Transform( 1, 0, 0, 0, 1, 0, 0, 0, 1, -13.8367, 58.9587, -17.5735 )

[node name="gem_pickup22" parent="active_entities/zone_tower" instance=ExtResource( 9 )]
transform = Transform( 1, 0, 0, 0, 1, 0, 0, 0, 1, -9.38273, 59.0352, -20.3097 )

[node name="gem_pickup23" parent="active_entities/zone_tower" instance=ExtResource( 9 )]
transform = Transform( 1, 0, 0, 0, 1, 0, 0, 0, 1, -3.53273, 59.3603, -22.4282 )

[node name="gem_pickup27" parent="active_entities/zone_tower" instance=ExtResource( 9 )]
transform = Transform( 1, 0, 0, 0, 1, 0, 0, 0, 1, 13.7853, 61.9118, -8.17772 )

[node name="gem_pickup28" parent="active_entities/zone_tower" instance=ExtResource( 9 )]
transform = Transform( 1, 0, 0, 0, 1, 0, 0, 0, 1, 13.0853, 62.3742, -1.80092 )

[node name="bug_pickup15" parent="active_entities/zone_tower" instance=ExtResource( 12 )]
transform = Transform( 1, 0, 0, 0, 1, 0, 0, 0, 1, -0.114731, 51.9689, -1.05801 )

[node name="bug_pickup18" parent="active_entities/zone_tower" instance=ExtResource( 12 )]
transform = Transform( -0.965926, 0, -0.258819, 0, 1, 0, 0.258819, 0, -0.965926, 2.69127, 19.199, -23.9872 )

[node name="bug_pickup20" parent="active_entities/zone_tower" instance=ExtResource( 12 )]
transform = Transform( 1, 0, 0, 0, 1, 0, 0, 0, 1, 1.23427, 44.5517, -22.0725 )

[node name="gem_pickup30" parent="active_entities/zone_tower" instance=ExtResource( 9 )]
transform = Transform( 1, 0, 0, 0, 1, 0, 0, 0, 1, 7.94827, 5.76435, 60.0083 )

[node name="gem_pickup31" parent="active_entities/zone_tower" instance=ExtResource( 9 )]
transform = Transform( 1, 0, 0, 0, 1, 0, 0, 0, 1, 7.62227, 5.31347, 57.7083 )

[node name="coat_pickup" parent="active_entities/zone_tower" instance=ExtResource( 10 )]
transform = Transform( 1, 0, 0, 0, 1, 0, 0, 0, 1, -17.0417, 44.1538, -10.3148 )

[node name="gem_pickup39" parent="active_entities/zone_tower" instance=ExtResource( 9 )]
transform = Transform( 1, 0, 0, 0, 1, 0, 0, 0, 1, 0.111267, 22.3397, 14.1335 )

[node name="gem_pickup40" parent="active_entities/zone_tower" instance=ExtResource( 9 )]
transform = Transform( 1, 0, 0, 0, 1, 0, 0, 0, 1, 3.53627, 22.7435, 14.2 )

[node name="gem_pickup42" parent="active_entities/zone_tower" instance=ExtResource( 9 )]
transform = Transform( 1, 0, 0, 0, 1, 0, 0, 0, 1, 8.68127, 24.0777, 12.6371 )

[node name="gem_pickup46" parent="active_entities/zone_tower" instance=ExtResource( 9 )]
transform = Transform( 1, 0, 0, 0, 1, 0, 0, 0, 1, 16.2933, 28.2759, 5.24249 )

[node name="gem_pickup47" parent="active_entities/zone_tower" instance=ExtResource( 9 )]
transform = Transform( 1, 0, 0, 0, 1, 0, 0, 0, 1, 17.3073, 30.1468, 1.26048 )

[node name="gem_pickup51" parent="active_entities/zone_tower" instance=ExtResource( 9 )]
transform = Transform( 1, 0, 0, 0, 1, 0, 0, 0, 1, 6.24127, 15.3518, 29.5983 )

[node name="gem_pickup56" parent="active_entities/zone_tower" instance=ExtResource( 9 )]
transform = Transform( 1, 0, 0, 0, 1, 0, 0, 0, 1, 31.6563, 13.971, 20.9858 )

[node name="gem_pickup59" parent="active_entities/zone_tower" instance=ExtResource( 9 )]
transform = Transform( 1, 0, 0, 0, 1, 0, 0, 0, 1, -8.96273, 6.54149, 0.0399857 )

[node name="gem_pickup61" parent="active_entities/zone_tower" instance=ExtResource( 9 )]
transform = Transform( 1, 0, 0, 0, 1, 0, 0, 0, 1, 13.2483, 7.32367, 3.81419 )

[node name="gem_pickup62" parent="active_entities/zone_tower" instance=ExtResource( 9 )]
transform = Transform( 1, 0, 0, 0, 1, 0, 0, 0, 1, -12.2297, 4.37163, -7.25142 )

[node name="gem_pickup63" parent="active_entities/zone_tower" instance=ExtResource( 9 )]
transform = Transform( 1, 0, 0, 0, 1, 0, 0, 0, 1, -15.9617, 4.88771, -11.2937 )

[node name="gem_pickup65" parent="active_entities/zone_tower" instance=ExtResource( 9 )]
transform = Transform( 1, 0, 0, 0, 1, 0, 0, 0, 1, -20.4217, 7.83465, -13.9737 )

[node name="gem_pickup66" parent="active_entities/zone_tower" instance=ExtResource( 9 )]
transform = Transform( 1, 0, 0, 0, 1, 0, 0, 0, 1, -22.5727, 9.15902, -15.4313 )

[node name="gem_pickup64" parent="active_entities/zone_tower" instance=ExtResource( 9 )]
transform = Transform( 1, 0, 0, 0, 1, 0, 0, 0, 1, -20.2117, 18.0817, -16.6368 )

[node name="gem_pickup67" parent="active_entities/zone_tower" instance=ExtResource( 9 )]
transform = Transform( 1, 0, 0, 0, 1, 0, 0, 0, 1, -17.9027, 16.5924, -15.4313 )

[node name="gem_pickup69" parent="active_entities/zone_tower" instance=ExtResource( 9 )]
transform = Transform( 1, 0, 0, 0, 1, 0, 0, 0, 1, -20.7187, 2.78693, -13.246 )

[node name="gem_pickup73" parent="active_entities/zone_tower" instance=ExtResource( 9 )]
transform = Transform( 1, 0, 0, 0, 1, 0, 0, 0, 1, -11.9237, 17.6829, -5.73701 )

[node name="gem_pickup77" parent="active_entities/zone_tower" instance=ExtResource( 9 )]
transform = Transform( 1, 0, 0, 0, 1, 0, 0, 0, 1, -12.5137, 4.48078, -8.79192 )

[node name="gem_pickup78" parent="active_entities/zone_tower" instance=ExtResource( 9 )]
transform = Transform( 1, 0, 0, 0, 1, 0, 0, 0, 1, -6.25573, 11.5321, -7.80752 )

[node name="gem_pickup79" parent="active_entities/zone_tower" instance=ExtResource( 9 )]
transform = Transform( 1, 0, 0, 0, 1, 0, 0, 0, 1, -6.40573, 11.7445, -5.98852 )

[node name="gem_pickup80" parent="active_entities/zone_tower" instance=ExtResource( 9 )]
transform = Transform( 1, 0, 0, 0, 1, 0, 0, 0, 1, -6.39773, 11.7339, -9.58192 )

[node name="gem_pickup85" parent="active_entities/zone_tower" instance=ExtResource( 9 )]
transform = Transform( 1, 0, 0, 0, 1, 0, 0, 0, 1, 5.05827, 12.8016, -16.524 )

[node name="gem_pickup86" parent="active_entities/zone_tower" instance=ExtResource( 9 )]
transform = Transform( 1, 0, 0, 0, 1, 0, 0, 0, 1, 0.988266, 12.7902, -16.0369 )

[node name="gem_pickup87" parent="active_entities/zone_tower" instance=ExtResource( 9 )]
transform = Transform( 1, 0, 0, 0, 1, 0, 0, 0, 1, -1.61572, 12.1865, -15.8747 )

[node name="gem_pickup88" parent="active_entities/zone_tower" instance=ExtResource( 9 )]
transform = Transform( 1, 0, 0, 0, 1, 0, 0, 0, 1, 8.53627, 11.8034, -15.716 )

[node name="gem_pickup91" parent="active_entities/zone_tower" instance=ExtResource( 9 )]
transform = Transform( 1, 0, 0, 0, 1, 0, 0, 0, 1, 12.2943, 28.6689, -18.4228 )

[node name="gem_pickup92" parent="active_entities/zone_tower" instance=ExtResource( 9 )]
transform = Transform( 1, 0, 0, 0, 1, 0, 0, 0, 1, 8.77228, 27.8884, -20.8511 )

[node name="gem_pickup93" parent="active_entities/zone_tower" instance=ExtResource( 9 )]
transform = Transform( 1, 0, 0, 0, 1, 0, 0, 0, 1, 5.80927, 27.6848, -22.1844 )

[node name="gem_pickup94" parent="active_entities/zone_tower" instance=ExtResource( 9 )]
transform = Transform( 1, 0, 0, 0, 1, 0, 0, 0, 1, 2.77127, 27.8435, -22.8643 )

[node name="gem_pickup95" parent="active_entities/zone_tower" instance=ExtResource( 9 )]
transform = Transform( 1, 0, 0, 0, 1, 0, 0, 0, 1, -1.68973, 28.436, -22.737 )

[node name="gem_pickup96" parent="active_entities/zone_tower" instance=ExtResource( 9 )]
transform = Transform( 1, 0, 0, 0, 1, 0, 0, 0, 1, 11.2993, 36.6468, -26.9418 )

[node name="gem_pickup97" parent="active_entities/zone_tower" instance=ExtResource( 9 )]
transform = Transform( 1, 0, 0, 0, 1, 0, 0, 0, 1, 6.30827, 36.5631, -29.2194 )

[node name="gem_pickup98" parent="active_entities/zone_tower" instance=ExtResource( 9 )]
transform = Transform( 1, 0, 0, 0, 1, 0, 0, 0, 1, 2.44427, 37.1194, -29.7377 )

[node name="gem_pickup99" parent="active_entities/zone_tower" instance=ExtResource( 9 )]
transform = Transform( 1, 0, 0, 0, 1, 0, 0, 0, 1, -0.288727, 37.7299, -29.6696 )

[node name="gem_pickup100" parent="active_entities/zone_tower" instance=ExtResource( 9 )]
transform = Transform( 1, 0, 0, 0, 1, 0, 0, 0, 1, 13.8793, 37.3202, -24.5019 )

[node name="bug_pickup2" parent="active_entities/zone_tower" instance=ExtResource( 12 )]
transform = Transform( 1, 0, 0, 0, 1, 0, 0, 0, 1, -15.2267, 53.3673, 0.78595 )

[node name="gem_pickup101" parent="active_entities/zone_tower" instance=ExtResource( 9 )]
transform = Transform( 1, 0, 0, 0, 1, 0, 0, 0, 1, 16.1523, 38.3108, -21.5556 )

[node name="deathgnat" parent="active_entities/zone_tower" instance=ExtResource( 11 )]
transform = Transform( 1, 0, 0, 0, 1, 0, 0, 0, 1, -3.34673, 63.2222, -21.0389 )
drops_coat = true
minimum_rarity = 1
maximum_rarity = 3
health = 100
speed = 0.0

[node name="deathgnat2" parent="active_entities/zone_tower" instance=ExtResource( 11 )]
transform = Transform( -0.999996, 0, -0.00268784, 0, 1, 0, 0.00268784, 0, -0.999996, -4.67873, 64.3764, 9.29089 )
speed = 0.0

[node name="crawly" parent="active_entities/zone_tower" instance=ExtResource( 13 )]
transform = Transform( 1, 0, 0, 0, 1, 0, 0, 0, 1, 22.2973, 0.472374, 2.65388 )

[node name="crawly4" parent="active_entities/zone_tower" instance=ExtResource( 13 )]
transform = Transform( 0.985067, 0, -0.17217, 0, 1, 0, 0.17217, 0, 0.985067, 3.83627, 28.9428, -21.7299 )

[node name="crawly3" parent="active_entities/zone_tower" instance=ExtResource( 13 )]
transform = Transform( -0.997786, 0, 0.0665003, 0, 1, 0, -0.0665003, 0, -0.997786, -21.3697, 0.47237, -18.5643 )

[node name="health_up_pickup" parent="active_entities/zone_tower" instance=ExtResource( 6 )]
transform = Transform( -0.118598, 0.992942, 0, -0.992942, -0.118598, 0, 0, 0, 1, -13.4596, 53.6603, -5.89661 )

[node name="gem_pickup102" parent="active_entities/zone_tower" instance=ExtResource( 9 )]
transform = Transform( 1, 0, 0, 0, 1, 0, 0, 0, 1, 5.19527, 1.89951, 40.6623 )
