[gd_scene load_steps=4 format=2]

[ext_resource path="res://areas/chunk_content.gd" type="Script" id=1]
[ext_resource path="res://entities/enemies/tentpole.tscn" type="PackedScene" id=2]
[ext_resource path="res://entities/enemies/speeder.tscn" type="PackedScene" id=3]

[node name="chunk129" type="Spatial"]
script = ExtResource( 1 )

[node name="active_entities" type="Spatial" parent="."]

[node name="speeder" parent="active_entities" instance=ExtResource( 3 )]
transform = Transform( 0.344521, 0, 0.938778, 0, 1, 0, -0.938778, 0, 0.344521, 5.99685, 368.758, -35.2875 )

[node name="speeder2" parent="active_entities" instance=ExtResource( 3 )]
transform = Transform( 0.344521, 0, 0.938778, 0, 1, 0, -0.938778, 0, 0.344521, 8.32175, 364.331, -40.6078 )

[node name="tentpole" parent="active_entities" instance=ExtResource( 2 )]
transform = Transform( -0.94439, 0, -0.328827, 0, 1, 0, 0.328827, 0, -0.94439, -79.3865, 364.564, -82.7935 )

[node name="speeder3" parent="active_entities" instance=ExtResource( 3 )]
transform = Transform( 0.344521, 0, 0.938778, 0, 1, 0, -0.938778, 0, 0.344521, -1.77794, 366.883, -37.1259 )
