[gd_scene load_steps=18 format=2]

[ext_resource path="res://areas/chunk_content.gd" type="Script" id=1]
[ext_resource path="res://_glb/chunks/chunk107.glb" type="PackedScene" id=2]
[ext_resource path="res://entities/env/stone/rock1.tscn" type="PackedScene" id=3]
[ext_resource path="res://entities/env/stone/rock_collapsible.tscn" type="PackedScene" id=4]
[ext_resource path="res://entities/env/plants/tree2.tscn" type="PackedScene" id=5]
[ext_resource path="res://entities/env/plants/tree1.tscn" type="PackedScene" id=6]
[ext_resource path="res://material/env/transparent.shader" type="Shader" id=7]
[ext_resource path="res://material/env/plants/creepers_looping.png" type="Texture" id=8]
[ext_resource path="res://material/triplanar_local_coords.shader" type="Shader" id=9]
[ext_resource path="res://material/env/vaeler/trim_decayed.png" type="Texture" id=10]
[ext_resource path="res://material/env/vaeler/wood-slats-old.png" type="Texture" id=11]
[ext_resource path="res://entities/control/trigger_zone.gd" type="Script" id=12]
[ext_resource path="res://entities/env/plants/grass1.tscn" type="PackedScene" id=13]

[sub_resource type="ShaderMaterial" id=2]
shader = ExtResource( 9 )
shader_param/uv_scale = 0.5
shader_param/power = 5.0
shader_param/softness = 0.5
shader_param/specularity = 1.0
shader_param/light_bias = 0.0
shader_param/wall = ExtResource( 11 )
shader_param/ground = ExtResource( 11 )
shader_param/ceiling = ExtResource( 11 )

[sub_resource type="ShaderMaterial" id=3]
shader = ExtResource( 9 )
shader_param/uv_scale = 0.4
shader_param/power = 5.0
shader_param/softness = 0.5
shader_param/specularity = 1.0
shader_param/light_bias = 0.0
shader_param/wall = ExtResource( 10 )
shader_param/ground = ExtResource( 10 )
shader_param/ceiling = ExtResource( 10 )

[sub_resource type="ShaderMaterial" id=1]
shader = ExtResource( 7 )
shader_param/subsurface_scattering = 1.0
shader_param/softness = 1.0
shader_param/specularity = 1.0
shader_param/alpha_clip = 0.75
shader_param/main_texture = ExtResource( 8 )

[sub_resource type="CylinderShape" id=4]
height = 15.0426
radius = 12.1892

[node name="chunk107" instance=ExtResource( 2 )]
script = ExtResource( 1 )

[node name="house" parent="." index="0"]
material/0 = SubResource( 2 )
material/1 = SubResource( 3 )
material/2 = SubResource( 2 )
material/3 = SubResource( 2 )

[node name="StaticBody" parent="house" index="0"]
collision_layer = 257

[node name="rock1" parent="." index="1" instance=ExtResource( 3 )]
transform = Transform( 0.901526, 1.49012e-08, -0.432725, -0.247052, 0.821006, -0.514699, 0.35527, 0.57092, 0.740158, 65.0419, 523.164, 82.9958 )

[node name="rock2" parent="." index="2" instance=ExtResource( 3 )]
transform = Transform( 0.973769, 0.224176, 0.0389779, -0.226211, 0.935295, 0.272126, 0.0245483, -0.273805, 0.961472, 71.8647, 535.293, 66.64 )

[node name="rock3" parent="." index="3" instance=ExtResource( 3 )]
transform = Transform( 0.973769, 0.224176, 0.0389779, -0.00187698, 0.17921, -0.983809, -0.227532, 0.957929, 0.17493, 63.7744, 545.217, 87.6164 )

[node name="creepers" parent="." index="4"]
material/0 = SubResource( 1 )

[node name="tree1" parent="." index="5" instance=ExtResource( 6 )]
transform = Transform( 0.739197, 0, -0.673489, 0, 1, 0, 0.673489, 0, 0.739197, 23.7006, 610.479, 80.0628 )

[node name="tree2" parent="." index="6" instance=ExtResource( 5 )]
transform = Transform( 1, 0, 0, 0, 1, 0, 0, 0, 1, 45.1653, 598.749, 59.9407 )

[node name="active_entities" type="Spatial" parent="." index="8"]

[node name="zone_house" type="MultiMeshSystem" parent="active_entities" index="0"]
transform = Transform( 1, 0, 0, 0, 1, 0, 0, 0, 1, 39.449, 603.215, 57.8336 )

[node name="grass1" parent="active_entities/zone_house" index="1" instance=ExtResource( 13 )]
transform = Transform( 0.925068, 0.379802, 0, -0.379802, 0.925068, 0, 0, 0, 1, -3.42378, 0.222656, 15.8794 )

[node name="grass3" parent="active_entities/zone_house" index="2" instance=ExtResource( 13 )]
transform = Transform( -0.745797, 0.104189, -0.657976, 0.143893, 0.989573, -0.00640139, 0.650448, -0.0994522, -0.753012, 13.5009, -3.96033, 13.4668 )

[node name="grass4" parent="active_entities/zone_house" index="3" instance=ExtResource( 13 )]
transform = Transform( -0.825467, 0, 0.56445, 0, 1, 0, -0.56445, 0, -0.825467, 15.0253, -4.90735, 9.76657 )

[node name="grass2" parent="active_entities/zone_house" index="4" instance=ExtResource( 13 )]
transform = Transform( 0.954852, 0.297083, 0, -0.297083, 0.954852, 0, 0, 0, 1, 1.12352, -2.87634, 3.96217 )

[node name="house_trigger" type="Area" parent="active_entities" index="1"]
transform = Transform( 1, 0, 0, 0, 1, 0, 0, 0, 1, 51.7833, 600.828, 64.6553 )
collision_layer = 0
collision_mask = 2
script = ExtResource( 12 )
stat = "visited/house_107"

[node name="CollisionShape" type="CollisionShape" parent="active_entities/house_trigger" index="0"]
shape = SubResource( 4 )

[node name="rock_collapsible2" parent="active_entities" index="2" instance=ExtResource( 4 )]
transform = Transform( 0.9992, 0, 0.0399958, 0, 1, 0, -0.0399958, 0, 0.9992, 75.581, 536.134, 73.905 )

[node name="rock_collapsible3" parent="active_entities" index="3" instance=ExtResource( 4 )]
transform = Transform( 0.9992, 0, 0.0399958, 0, 1, 0, -0.0399958, 0, 0.9992, 75.5747, 545.762, 75.3299 )

[node name="rock_collapsible4" parent="active_entities" index="4" instance=ExtResource( 4 )]
transform = Transform( -0.0211777, 0, -0.999776, 0, 1, 0, 0.999776, 0, -0.0211777, 63.4041, 568.307, 97.4141 )

[node name="rock_collapsible" parent="active_entities" index="5" instance=ExtResource( 4 )]
transform = Transform( 0.9992, 0, 0.0399958, 0, 1, 0, -0.0399958, 0, 0.9992, 75.7447, 534.894, 75.9992 )
