[gd_scene load_steps=34 format=2]

[ext_resource path="res://areas/chunk_content.gd" type="Script" id=1]
[ext_resource path="res://entities/env/stone/hut.tscn" type="PackedScene" id=2]
[ext_resource path="res://entities/env/copper/light_hang1.tscn" type="PackedScene" id=3]
[ext_resource path="res://entities/env/copper/scrap3.tscn" type="PackedScene" id=4]
[ext_resource path="res://entities/env/copper/scrap1.tscn" type="PackedScene" id=5]
[ext_resource path="res://entities/env/stone/fountain.tscn" type="PackedScene" id=6]
[ext_resource path="res://entities/env/stone/rock1.tscn" type="PackedScene" id=7]
[ext_resource path="res://entities/env/stone/garden.tscn" type="PackedScene" id=8]
[ext_resource path="res://entities/env/plants/cactus_round.tscn" type="PackedScene" id=9]
[ext_resource path="res://entities/env/plants/cactus_round_flower.tscn" type="PackedScene" id=10]
[ext_resource path="res://entities/env/stone/garden_melon.tscn" type="PackedScene" id=11]
[ext_resource path="res://entities/env/stone/pillar.tscn" type="PackedScene" id=12]
[ext_resource path="res://entities/env/copper/mine_shack_small.tscn" type="PackedScene" id=13]
[ext_resource path="res://entities/env/copper/pail.tscn" type="PackedScene" id=14]
[ext_resource path="res://entities/env/copper/scrap2.tscn" type="PackedScene" id=15]
[ext_resource path="res://entities/env/copper/scrap4.tscn" type="PackedScene" id=16]
[ext_resource path="res://entities/npc/npc.tscn" type="PackedScene" id=17]
[ext_resource path="res://entities/env/furniture/bed_native.tscn" type="PackedScene" id=18]
[ext_resource path="res://entities/env/furniture/shelf.tscn" type="PackedScene" id=19]
[ext_resource path="res://entities/env/furniture/incense.tscn" type="PackedScene" id=20]
[ext_resource path="res://entities/env/furniture/carpet.tscn" type="PackedScene" id=21]
[ext_resource path="res://entities/env/furniture/sofa.tscn" type="PackedScene" id=22]
[ext_resource path="res://entities/env/furniture/stump_table.tscn" type="PackedScene" id=23]
[ext_resource path="res://entities/env/furniture/sitting_pillow.tscn" type="PackedScene" id=24]
[ext_resource path="res://entities/wardrobe.tscn" type="PackedScene" id=25]
[ext_resource path="res://entities/env/stone/water_pot.tscn" type="PackedScene" id=26]
[ext_resource path="res://entities/env/furniture/bottle1.tscn" type="PackedScene" id=27]
[ext_resource path="res://entities/env/furniture/bottle2.tscn" type="PackedScene" id=28]
[ext_resource path="res://entities/env/furniture/glass1.tscn" type="PackedScene" id=29]
[ext_resource path="res://items/bug_pickup.tscn" type="PackedScene" id=30]
[ext_resource path="res://items/gem_pickup.tscn" type="PackedScene" id=31]
[ext_resource path="res://items/coat_pickup.tscn" type="PackedScene" id=32]
[ext_resource path="res://entities/env/electrical/wind_generator.tscn" type="PackedScene" id=33]

[node name="chunk115" type="Spatial"]
script = ExtResource( 1 )

[node name="hut" parent="." instance=ExtResource( 2 )]
transform = Transform( 0.940612, 0, 0.339483, 0, 1, 0, -0.339483, 0, 0.940612, 22.121, 99.4044, -10.0095 )

[node name="hut2" parent="." instance=ExtResource( 2 )]
transform = Transform( 0.984741, 0, 0.174026, 0, 1, 0, -0.174026, 0, 0.984741, 28.1865, 109.021, -27.9482 )

[node name="mine_shack_small" parent="." instance=ExtResource( 13 )]
transform = Transform( -0.0873182, 0, -0.99618, 0, 1, 0, 0.99618, 0, -0.0873182, 64.4082, 103.243, -6.56685 )

[node name="mine_shack_small2" parent="mine_shack_small" instance=ExtResource( 13 )]
transform = Transform( -1, 0, -8.9407e-08, 0, 1, 0, 8.9407e-08, 0, -1, 5.34211, 0, 3.8147e-06 )

[node name="scrap3" parent="mine_shack_small" instance=ExtResource( 15 )]
transform = Transform( 0.344493, 0.0817614, 0.935222, 0.888186, -0.351036, -0.296478, 0.304056, 0.932785, -0.193549, 3.23394, -5.02759, 2.01407 )

[node name="scrap4" parent="mine_shack_small" instance=ExtResource( 15 )]
transform = Transform( 0.518145, -0.539896, -0.663354, 0.848141, 0.22425, 0.479968, -0.110376, -0.81131, 0.574102, 4.59706, -4.71288, -2.20861 )

[node name="scrap1" parent="mine_shack_small" instance=ExtResource( 5 )]
transform = Transform( 1, 0, 0, 0, 1, 0, 0, 0, 1, -0.585911, -2.2654, 0.227661 )

[node name="scrap2" parent="mine_shack_small" instance=ExtResource( 5 )]
transform = Transform( -0.664661, 0, -0.747145, 0, 1, 0, 0.747145, 0, -0.664661, 5.36821, -2.36828, 2.92339 )

[node name="scrap7" parent="mine_shack_small" instance=ExtResource( 5 )]
transform = Transform( 0.0216889, 0, 0.999765, 0, 1, 0, -0.999765, 0, 0.0216889, 3.0486, -3.222, 6.04323 )

[node name="scrap8" parent="mine_shack_small" instance=ExtResource( 5 )]
transform = Transform( 0.985042, 0, -0.172316, 0, 1, 0, 0.172316, 0, 0.985042, 0.357162, -4.09435, 7.83614 )

[node name="scrap5" parent="mine_shack_small" instance=ExtResource( 5 )]
transform = Transform( 1, 0, 0, 0, 1, 0, 0, 0, 1, 0.219227, -2.24573, -4.46046 )

[node name="scrap6" parent="mine_shack_small" instance=ExtResource( 5 )]
transform = Transform( 1, 0, 0, 0, 1, 0, 0, 0, 1, -1.96425, -3.12572, -8.09068 )

[node name="hut3" parent="." instance=ExtResource( 2 )]
transform = Transform( -0.296404, -1.76951e-08, -0.955063, -2.84985e-07, 0.999999, 2.14204e-08, 0.955063, -3.75556e-07, -0.296404, 60.4117, 110.002, -18.7905 )

[node name="hut4" parent="." instance=ExtResource( 2 )]
transform = Transform( -0.747827, -1.76951e-08, -0.663895, -1.72295e-07, 0.999999, 3.92087e-07, 0.663894, -3.75556e-07, -0.747827, 63.0365, 109.1, -6.71193 )

[node name="scrap3" parent="." instance=ExtResource( 4 )]
transform = Transform( 0.251313, -0.0445768, 0.966879, -0.127966, -0.9917, -0.01246, 0.95941, -0.120596, -0.254931, 57.1281, 108.982, -18.5193 )

[node name="pillar" parent="scrap3" instance=ExtResource( 12 )]
transform = Transform( 0.251312, -0.18752, 0.949567, -0.0445768, -0.982255, -0.182178, 0.966879, 0.00345486, -0.255212, 10.5405, 18.0922, -10.9864 )

[node name="garden_melon" parent="scrap3" instance=ExtResource( 11 )]
transform = Transform( -0.934813, -0.127966, 0.331285, 0.11641, -0.9917, -0.054583, 0.33552, -0.01246, 0.941951, 7.47947, -0.57074, -11.4361 )

[node name="scrap5" parent="scrap3" instance=ExtResource( 5 )]
transform = Transform( 0.251312, -0.127966, 0.95941, -0.0445768, -0.9917, -0.120596, 0.966879, -0.01246, -0.254931, 0.0341854, 2.26642, 1.76788 )

[node name="fountain" parent="." instance=ExtResource( 6 )]
transform = Transform( 1, 0, 0, 0, 0.995153, -0.0983351, 0, 0.0983351, 0.995153, 26.0676, 85.3702, 24.4643 )

[node name="garden" parent="fountain" instance=ExtResource( 8 )]
transform = Transform( -0.275157, 0.0420302, -0.96048, -0.257366, 0.959361, 0.115711, 0.926311, 0.279033, -0.253157, 6.69478, -1.89652, 8.45493 )

[node name="garden2" parent="fountain" instance=ExtResource( 8 )]
transform = Transform( 0.957611, -0.0354179, 0.285877, 0.103973, 0.96801, -0.228354, -0.268644, 0.248398, 0.93066, 0.960012, 3.75898, -15.2033 )

[node name="rock1" parent="." instance=ExtResource( 7 )]
transform = Transform( 1, 0, 0, 0, -0.0567918, -0.998386, 0, 0.998386, -0.0567918, 2.93348, 89.6755, 21.0264 )

[node name="pail" parent="." instance=ExtResource( 14 )]
transform = Transform( 1, 0, 0, 0, 0.999395, -0.034771, 0, 0.034771, 0.999395, 26.0489, 86.3469, 27.0414 )

[node name="scrap2" parent="." instance=ExtResource( 15 )]
transform = Transform( 0.0836766, -0.996493, 0, 0.954245, 0.080129, -0.288089, 0.287079, 0.0241063, 0.957604, 58.6535, 103.875, -9.78069 )

[node name="scrap4" parent="." instance=ExtResource( 16 )]
transform = Transform( 0.213266, 0, -0.976994, 0, 1, 0, 0.976994, 0, 0.213266, 51.7213, 108.859, -19.0352 )

[node name="scrap5" parent="." instance=ExtResource( 16 )]
transform = Transform( 0.213266, 0.0392349, 0.976206, -8.73522e-08, -0.999193, 0.0401588, 0.976994, -0.00856459, -0.213094, 50.4683, 108.859, -19.0352 )

[node name="scrap6" parent="." instance=ExtResource( 16 )]
transform = Transform( -0.248389, 0.0392349, -0.967865, -0.00145047, -0.999193, -0.0401326, -0.968659, -0.00856466, 0.248246, 49.4227, 108.816, -18.8228 )

[node name="scrap7" parent="." instance=ExtResource( 4 )]
transform = Transform( -0.895803, 0.0250865, -0.443742, 0.0400043, 0.998904, -0.0242865, 0.442647, -0.0395076, -0.895825, 27.3446, 107.814, -21.345 )

[node name="scrap1" parent="." instance=ExtResource( 5 )]
transform = Transform( 1, 0, 0, 0, 1, 0, 0, 0, 1, 21.4888, 96.4486, -8.18771 )

[node name="scrap9" parent="." instance=ExtResource( 15 )]
transform = Transform( 0.0761408, -0.595233, -0.799938, -0.991918, -0.126884, 0, -0.101499, 0.793473, -0.600083, 14.7962, 103.399, -17.5026 )

[node name="scrap8" parent="." instance=ExtResource( 5 )]
transform = Transform( -0.421802, 0, 0.906688, 0, 1, 0, -0.906688, 0, -0.421802, 26.8083, 96.4486, -5.4044 )

[node name="scrap10" parent="." instance=ExtResource( 4 )]
transform = Transform( -0.982047, 0.0500001, 0.18189, 0.051662, 0.998654, 0.00440686, -0.181426, 0.0137239, -0.983309, 57.4223, 108.056, -6.98073 )

[node name="wind_generator" parent="." instance=ExtResource( 33 )]
transform = Transform( 0.999118, 0, -0.0419952, 0, 1, 0, 0.0419952, 0, 0.999118, 68.3362, 117.083, -0.383402 )

[node name="active_entities" type="Spatial" parent="."]

[node name="pickups" type="MultiMeshSystem" parent="active_entities"]
transform = Transform( 1, 0, 0, 0, 1, 0, 0, 0, 1, 0, 100, 0 )

[node name="gem_pickup8" parent="active_entities/pickups" instance=ExtResource( 31 )]
transform = Transform( 0.940612, 0, 0.339483, 0, 1, 0, -0.339483, 0, 0.940612, 23.415, 3.66797, -8.13745 )

[node name="gem_pickup10" parent="active_entities/pickups" instance=ExtResource( 31 )]
transform = Transform( 0.984741, 0, 0.174026, 0, 1, 0, -0.174026, 0, 0.984741, 27.7501, 13.1458, -24.7786 )

[node name="gem_pickup9" parent="active_entities/pickups" instance=ExtResource( 31 )]
transform = Transform( 0.940612, 0, 0.339483, 0, 1, 0, -0.339483, 0, 0.940612, 23.3073, 3.70979, -7.61775 )

[node name="bug_pickup" parent="active_entities/pickups" instance=ExtResource( 30 )]
transform = Transform( 1, 0, 0, 0, 1, 0, 0, 0, 1, 25.6962, 5.92639, -12.6922 )

[node name="bug_pickup2" parent="active_entities/pickups" instance=ExtResource( 30 )]
transform = Transform( 1, 0, 0, 0, 1, 0, 0, 0, 1, 24.8042, 14.3919, -12.3213 )

[node name="bug_pickup3" parent="active_entities/pickups" instance=ExtResource( 30 )]
transform = Transform( -0.500854, 0, -0.865532, 0, 1, 0, 0.865532, 0, -0.500854, 26.4227, 12.0029, -34.4577 )

[node name="bug_pickup4" parent="active_entities/pickups" instance=ExtResource( 30 )]
transform = Transform( 1, 0, 0, 0, 1, 0, 0, 0, 1, 63.5968, 13.0473, -14.101 )

[node name="bug_pickup5" parent="active_entities/pickups" instance=ExtResource( 30 )]
transform = Transform( -0.787356, 0, -0.616499, 0, 1, 0, 0.616499, 0, -0.787356, 62.4394, 6.38663, -9.80235 )

[node name="bug_pickup6" parent="active_entities/pickups" instance=ExtResource( 30 )]
transform = Transform( 0.118545, 0, 0.992949, 0, 1, 0, -0.992949, 0, 0.118545, 64.7743, 1.95902, -2.66968 )

[node name="bug_pickup7" parent="active_entities/pickups" instance=ExtResource( 30 )]
transform = Transform( 1, 0, 0, 0, 1, 0, 0, 0, 1, 27.246, -8.7032, 25.0655 )

[node name="gem_pickup" parent="active_entities/pickups" instance=ExtResource( 31 )]
transform = Transform( 1, 0, 0, 0, 1, 0, 0, 0, 1, 1.22195, -7.74174, 25.5104 )

[node name="gem_pickup2" parent="active_entities/pickups" instance=ExtResource( 31 )]
transform = Transform( 1, 0, 0, 0, 1, 0, 0, 0, 1, 2.08403, -6.66512, 24.3904 )

[node name="gem_pickup3" parent="active_entities/pickups" instance=ExtResource( 31 )]
transform = Transform( 1, 0, 0, 0, 1, 0, 0, 0, 1, 2.22168, -7.20119, 25.1475 )

[node name="gem_pickup4" parent="active_entities/pickups" instance=ExtResource( 31 )]
transform = Transform( 1, 0, 0, 0, 1, 0, 0, 0, 1, 68.1177, 17.0563, -16.5064 )

[node name="gem_pickup5" parent="active_entities/pickups" instance=ExtResource( 31 )]
transform = Transform( 1, 0, 0, 0, 1, 0, 0, 0, 1, 60.6406, 22.0035, -15.2274 )

[node name="bug_pickup8" parent="active_entities/pickups" instance=ExtResource( 30 )]
transform = Transform( 1, 0, 0, 0, 1, 0, 0, 0, 1, 57.5935, 14.2332, -16.1003 )

[node name="gem_pickup6" parent="active_entities/pickups" instance=ExtResource( 31 )]
transform = Transform( 1, 0, 0, 0, 1, 0, 0, 0, 1, 61.9217, 10.962, -14.942 )

[node name="gem_pickup7" parent="active_entities/pickups" instance=ExtResource( 31 )]
transform = Transform( 1, 0, 0, 0, 1, 0, 0, 0, 1, 62.2869, 10.962, -15.2985 )

[node name="coat_pickup" parent="active_entities/pickups" instance=ExtResource( 32 )]
transform = Transform( 0.813766, 0, -0.581192, 0, 1, 0, 0.581192, 0, 0.813766, 67.4422, 3.25551, -7.7031 )
min_rarity = 1
max_rarity = 2

[node name="cactus_round" parent="active_entities/pickups" instance=ExtResource( 9 )]
transform = Transform( 1, 0, 0, 0, 0.98975, -0.142806, 0, 0.142806, 0.98975, 5.35081, -10.5232, 12.9312 )

[node name="cactus_round2" parent="active_entities/pickups" instance=ExtResource( 9 )]
transform = Transform( 1, 0, 0, 0, 0.98975, -0.142806, 0, 0.142806, 0.98975, 5.85667, -10.6744, 13.6163 )

[node name="cactus_round3" parent="active_entities/pickups" instance=ExtResource( 9 )]
transform = Transform( 1, 0, 0, 0, 0.98975, -0.142806, 0, 0.142806, 0.98975, 5.06337, -10.6575, 13.4992 )

[node name="cactus_round4" parent="active_entities/pickups" instance=ExtResource( 9 )]
transform = Transform( 1, 0, 0, 0, 0.98975, -0.142806, 0, 0.142806, 0.98975, 6.12389, -10.1473, 11.4904 )

[node name="cactus_round_flower" parent="active_entities/pickups" instance=ExtResource( 10 )]
transform = Transform( 1, 0, 0, 0, 1, 0, 0, 0, 1, 4.19168, -10.3729, 12.0825 )

[node name="cactus_round_flower2" parent="active_entities/pickups" instance=ExtResource( 10 )]
transform = Transform( 1, 0, 0, 0, 1, 0, 0, 0, 1, 6.46184, -10.5561, 12.8653 )

[node name="npc2" parent="active_entities" instance=ExtResource( 17 )]
transform = Transform( -0.165324, 0, 0.986239, 0, 1, 0, -0.986239, 0, -0.165324, 69.2469, 103.108, -3.99089 )

[node name="npc3" parent="active_entities" instance=ExtResource( 17 )]
transform = Transform( -0.422865, 0, 0.906193, 0, 1, 0, -0.906193, 0, -0.422865, 27.5467, 86.4032, 26.4571 )

[node name="bed_native" parent="active_entities" instance=ExtResource( 18 )]
transform = Transform( 0.940612, 0, 0.339483, 0, 1, 0, -0.339483, 0, 0.940612, 19.5604, 100.364, -8.98401 )

[node name="glass1" parent="active_entities" instance=ExtResource( 29 )]
transform = Transform( 0.1735, 0.982842, 0.0626189, -0.924472, 0.184454, -0.333658, -0.339483, -1.19209e-07, 0.940613, 19.3903, 100.431, -7.49216 )

[node name="bottle2" parent="active_entities" instance=ExtResource( 28 )]
transform = Transform( 0.940612, 0, 0.339483, 0, 1, 0, -0.339483, 0, 0.940612, 18.5318, 100.364, -9.80533 )

[node name="bottle3" parent="active_entities" instance=ExtResource( 28 )]
transform = Transform( 0.940612, 0, 0.339483, 0, 1, 0, -0.339483, 0, 0.940612, 18.6565, 100.364, -9.96373 )

[node name="bottle4" parent="active_entities" instance=ExtResource( 28 )]
transform = Transform( -0.257936, 0.961666, -0.0930936, -0.904555, -0.274222, -0.326469, -0.339483, -3.8743e-07, 0.940612, 18.4477, 100.454, -10.0824 )

[node name="sitting_pillow" parent="active_entities" instance=ExtResource( 24 )]
transform = Transform( 0.940612, 0, 0.339483, 0, 1, 0, -0.339483, 0, 0.940612, 23.4049, 103.51, -7.92262 )

[node name="sofa" parent="active_entities" instance=ExtResource( 22 )]
transform = Transform( 0.751658, 0, -0.659553, 0, 1, 0, 0.659553, 0, 0.751658, 19.5171, 103.525, -7.29155 )

[node name="npc4" parent="active_entities" instance=ExtResource( 17 )]
transform = Transform( 0.298378, 0, 0.954448, 0, 1, 0, -0.954448, 0, 0.298378, 26.2959, 109.981, -26.7298 )

[node name="npc5" parent="active_entities" instance=ExtResource( 17 )]
transform = Transform( -0.866792, 0, -0.49867, 0, 1, 0, 0.49867, 0, -0.866792, 27.4175, 109.981, -25.5336 )

[node name="water_pot" parent="active_entities" instance=ExtResource( 26 )]
transform = Transform( 0.984741, 0, 0.174026, 0, 1, 0, -0.174026, 0, 0.984741, 30.8969, 109.981, -29.1737 )

[node name="bottle1" parent="active_entities" instance=ExtResource( 27 )]
transform = Transform( 0.744271, 0, 0.667878, 0, 1, 0, -0.667878, 0, 0.744271, 31.7855, 109.981, -29.5351 )

[node name="bottle5" parent="active_entities" instance=ExtResource( 28 )]
transform = Transform( 0.984741, 0, 0.174026, 0, 1, 0, -0.174026, 0, 0.984741, 31.4749, 109.981, -29.6146 )

[node name="bottle6" parent="active_entities" instance=ExtResource( 27 )]
transform = Transform( 0.744271, 0, 0.667878, 0, 1, 0, -0.667878, 0, 0.744271, 31.6255, 109.981, -29.2555 )

[node name="carpet" parent="active_entities" instance=ExtResource( 21 )]
transform = Transform( 0.6676, 0, 0.74452, 0, 1, 0, -0.74452, 0, 0.6676, 28.2941, 109.981, -28.2449 )

[node name="sofa2" parent="active_entities" instance=ExtResource( 22 )]
transform = Transform( 0.521986, 0, 0.852954, 0, 1, 0, -0.852954, 0, 0.521986, 30.2588, 113.113, -26.1278 )

[node name="sitting_pillow2" parent="active_entities" instance=ExtResource( 24 )]
transform = Transform( 0.984741, 0, 0.174026, 0, 1, 0, -0.174026, 0, 0.984741, 28.4765, 113.135, -25.151 )

[node name="sitting_pillow3" parent="active_entities" instance=ExtResource( 24 )]
transform = Transform( -0.99565, 0, 0.0931635, 0, 1, 0, -0.0931635, 0, -0.99565, 30.7029, 113.101, -28.2103 )

[node name="incense" parent="active_entities" instance=ExtResource( 20 )]
transform = Transform( 0.984741, 0, 0.174026, 0, 1, 0, -0.174026, 0, 0.984741, 29.5533, 113.126, -24.9237 )

[node name="sitting_pillow4" parent="active_entities" instance=ExtResource( 24 )]
transform = Transform( -0.0873182, 0, -0.99618, 0, 1, 0, 0.99618, 0, -0.0873182, 64.5908, 103.287, -4.95594 )

[node name="sofa3" parent="active_entities" instance=ExtResource( 22 )]
transform = Transform( -0.0873182, 0, -0.99618, 0, 1, 0, 0.99618, 0, -0.0873182, 61.7723, 103.249, -6.60455 )

[node name="bed_native2" parent="active_entities" instance=ExtResource( 18 )]
transform = Transform( -0.373262, 0, -0.927725, 0, 1, 0, 0.927725, 0, -0.373262, 65.628, 103.256, -7.81772 )

[node name="wardrobe" parent="active_entities/bed_native2" instance=ExtResource( 25 )]
transform = Transform( -0.756295, 0, -0.654232, 0, 1, 0, 0.654232, 0, -0.756295, 0.109673, 0.980072, 2.37245 )

[node name="light_hang1" parent="active_entities" instance=ExtResource( 3 )]
transform = Transform( -0.0873182, 0, -0.99618, 0, 1, 0, 0.99618, 0, -0.0873182, 65.1771, 107.799, -5.34212 )

[node name="light_hang2" parent="active_entities" instance=ExtResource( 3 )]
transform = Transform( -0.0873182, 0, -0.99618, 0, 1, 0, 0.99618, 0, -0.0873182, 65.1771, 107.748, -2.00607 )

[node name="npc" parent="active_entities" instance=ExtResource( 17 )]
transform = Transform( 1, 0, 0, 0, 1, 0, 0, 0, 1, 63.1961, 103.395, -2.75253 )
sitting = true

[node name="bed_native3" parent="active_entities" instance=ExtResource( 18 )]
transform = Transform( 1, -4.54747e-13, 8.9407e-08, -4.83169e-13, 0.999999, -8.81073e-13, 0, 7.10543e-14, 1, 60.5355, 113.182, -7.58512 )

[node name="bed_native4" parent="active_entities" instance=ExtResource( 18 )]
transform = Transform( 0.520214, -4.54747e-13, 0.854037, 2.70006e-13, 0.999999, 4.26326e-13, -0.854036, 7.10543e-14, 0.520213, 61.0853, 113.182, -4.78335 )

[node name="stump_table" parent="active_entities" instance=ExtResource( 23 )]
transform = Transform( 0.0312936, 2.85067e-07, 0.999511, -1.72294e-07, 0.999999, 3.92086e-07, -0.99951, 2.45137e-07, 0.0312937, 64.4598, 110.06, -3.71191 )

[node name="sitting_pillow5" parent="active_entities" instance=ExtResource( 24 )]
transform = Transform( -0.747827, -1.76951e-08, -0.663895, -1.72295e-07, 0.999999, 3.92087e-07, 0.663894, -3.75556e-07, -0.747827, 66.6239, 110.06, -6.98041 )

[node name="sitting_pillow6" parent="active_entities" instance=ExtResource( 24 )]
transform = Transform( -0.373734, 3.59633e-07, 0.927537, -1.72294e-07, 0.999999, 3.92086e-07, -0.927536, 1.09634e-07, -0.373733, 64.8179, 110.06, -7.1403 )

[node name="sitting_pillow7" parent="active_entities" instance=ExtResource( 24 )]
transform = Transform( -0.373734, 3.59633e-07, 0.927537, -1.72294e-07, 0.999999, 3.92086e-07, -0.927536, 1.09634e-07, -0.373733, 65.4369, 110.06, -5.66872 )

[node name="bed_native5" parent="active_entities" instance=ExtResource( 18 )]
transform = Transform( 0.997987, -2.98428e-13, 0.0634293, 2.13163e-13, 0.999999, -7.97584e-13, -0.0634302, 4.44089e-13, 0.997987, 57.8003, 114.113, -19.4849 )

[node name="npc6" parent="active_entities" instance=ExtResource( 17 )]
transform = Transform( -0.0422516, -2.98428e-13, 0.999107, 4.45421e-13, 0.999999, 3.42837e-13, -0.999107, 4.44089e-13, -0.0422525, 57.989, 114.211, -19.4202 )
sitting = true

[node name="light_hang3" parent="active_entities" instance=ExtResource( 3 )]
transform = Transform( -0.296404, -1.76951e-08, -0.955062, -2.84985e-07, 0.999999, 2.14203e-08, 0.955062, -3.75556e-07, -0.296404, 63.3465, 118.179, -19.6922 )

[node name="carpet2" parent="active_entities" instance=ExtResource( 21 )]
transform = Transform( 0.25805, -2.15078e-07, -0.966133, -2.84985e-07, 0.999999, 2.142e-08, 0.966132, -3.08378e-07, 0.25805, 58.284, 110.962, -18.5344 )

[node name="shelf" parent="active_entities" instance=ExtResource( 19 )]
transform = Transform( 0.804612, -2.08242e-07, 0.593801, -2.84984e-07, 0.999999, 2.14203e-08, -0.593802, 3.13034e-07, 0.804611, 57.6223, 114.091, -17.3126 )

[node name="incense" parent="active_entities/shelf" instance=ExtResource( 20 )]
transform = Transform( -0.96775, 7.2777e-07, 0.251914, -5.55383e-07, 1, 1.13942e-07, -0.251914, -1.63262e-07, -0.96775, -0.138382, 0.991028, 0.800554 )

[node name="sofa4" parent="active_entities" instance=ExtResource( 22 )]
transform = Transform( -0.999746, 3.50458e-07, -0.022516, -2.84985e-07, 0.999999, 2.1421e-08, 0.0225172, -1.36142e-07, -0.999747, 59.407, 110.962, -22.559 )

[node name="bed_native6" parent="active_entities" instance=ExtResource( 18 )]
transform = Transform( -0.995528, 0, 0.0944707, 0, 1, 0, -0.0944707, 0, -0.995528, 66.1417, 103.277, -1.78681 )

[node name="sitting_pillow8" parent="active_entities" instance=ExtResource( 24 )]
transform = Transform( 0.999148, 0, 0.0412447, 0, 1, 0, -0.0412447, 0, 0.999148, 63.1837, 103.284, -2.66628 )
