[gd_scene load_steps=85 format=2]

[ext_resource path="res://entities/env/copper/palace1.tscn" type="PackedScene" id=1]
[ext_resource path="res://areas/chunk_content.gd" type="Script" id=2]
[ext_resource path="res://_glb/chunks/chunk124.glb" type="PackedScene" id=3]
[ext_resource path="res://entities/env/stone/hut.tscn" type="PackedScene" id=4]
[ext_resource path="res://entities/env/furniture/bed_native.tscn" type="PackedScene" id=5]
[ext_resource path="res://entities/env/medium/illusory_room.tscn" type="PackedScene" id=6]
[ext_resource path="res://material/env/ancient/gem_emissive.tres" type="Material" id=7]
[ext_resource path="res://entities/control/door.gd" type="Script" id=8]
[ext_resource path="res://entities/control/power_thing.tscn" type="PackedScene" id=9]
[ext_resource path="res://material/env/ancient/white_metal.material" type="Material" id=10]
[ext_resource path="res://entities/env/furniture/carpet.tscn" type="PackedScene" id=11]
[ext_resource path="res://items/capacitor_pickup.tscn" type="PackedScene" id=12]
[ext_resource path="res://entities/env/furniture/sitting_pillow.tscn" type="PackedScene" id=13]
[ext_resource path="res://items/bug_pickup.tscn" type="PackedScene" id=14]
[ext_resource path="res://entities/env/stone/rock1.tscn" type="PackedScene" id=15]
[ext_resource path="res://entities/one_time/the_medium.gd" type="Script" id=16]
[ext_resource path="res://entities/env/furniture/incense.tscn" type="PackedScene" id=17]
[ext_resource path="res://entities/npc/npc.tscn" type="PackedScene" id=18]
[ext_resource path="res://entities/enemies/deathgnat.tscn" type="PackedScene" id=19]
[ext_resource path="res://items/gem_pickup.tscn" type="PackedScene" id=20]
[ext_resource path="res://entities/env/furniture/bottle1.tscn" type="PackedScene" id=21]
[ext_resource path="res://entities/npc/npc_armstrong.gd" type="Script" id=22]
[ext_resource path="res://entities/enemies/crawly.tscn" type="PackedScene" id=23]
[ext_resource path="res://entities/env/stone/rock2.tscn" type="PackedScene" id=24]
[ext_resource path="res://material/env/copper/copper_corroded.material" type="Material" id=25]
[ext_resource path="res://material/env/metal/chainlink1.png" type="Texture" id=26]
[ext_resource path="res://entities/env/copper/scrap1.tscn" type="PackedScene" id=27]
[ext_resource path="res://entities/env/copper/palace2.tscn" type="PackedScene" id=28]
[ext_resource path="res://entities/env/copper/scrap2.tscn" type="PackedScene" id=29]
[ext_resource path="res://entities/env/copper/palace_roof1.tscn" type="PackedScene" id=30]
[ext_resource path="res://entities/env/stone/pillar.tscn" type="PackedScene" id=31]
[ext_resource path="res://entities/env/stone/ruin1.tscn" type="PackedScene" id=32]
[ext_resource path="res://entities/env/stone/fountain.tscn" type="PackedScene" id=33]
[ext_resource path="res://entities/env/furniture/bottle2.tscn" type="PackedScene" id=34]
[ext_resource path="res://entities/env/furniture/stump_table.tscn" type="PackedScene" id=35]
[ext_resource path="res://dialog/demo.dialog" type="Resource" id=36]
[ext_resource path="res://entities/env/stone/hut_bath.tscn" type="PackedScene" id=37]
[ext_resource path="res://entities/env/stone/wall1.tscn" type="PackedScene" id=38]
[ext_resource path="res://entities/env/furniture/sofa.tscn" type="PackedScene" id=39]
[ext_resource path="res://entities/enemies/beauty.tscn" type="PackedScene" id=46]
[ext_resource path="res://entities/one_time/target.tscn" type="PackedScene" id=48]
[ext_resource path="res://entities/dialog_node.gd" type="Script" id=49]
[ext_resource path="res://dialog/intro/armstrong.dialog" type="Resource" id=50]
[ext_resource path="res://entities/control/dswitch.tscn" type="PackedScene" id=51]
[ext_resource path="res://entities/env/stone/rock3.tscn" type="PackedScene" id=52]
[ext_resource path="res://entities/env/copper/rail_cart.tscn" type="PackedScene" id=53]
[ext_resource path="res://tutorial_prompt.gd" type="Script" id=54]
[ext_resource path="res://material/env/transparent.shader" type="Shader" id=55]
[ext_resource path="res://material/env/stone/bricks.material" type="Material" id=56]
[ext_resource path="res://material/triplanar_local_coords.shader" type="Shader" id=57]
[ext_resource path="res://material/env/foundry/metal_generic.png" type="Texture" id=58]
[ext_resource path="res://entities/env/copper/pail.tscn" type="PackedScene" id=59]
[ext_resource path="res://entities/enemies/enemy_spawn_single.gd" type="Script" id=61]
[ext_resource path="res://dialog/intro/cave.dialog" type="Resource" id=62]
[ext_resource path="res://_glb/npc_clothes/hats_goggles_asym.mesh" type="ArrayMesh" id=63]
[ext_resource path="res://entities/control/trigger_zone.gd" type="Script" id=64]
[ext_resource path="res://entities/env/copper/tower.tscn" type="PackedScene" id=65]
[ext_resource path="res://entities/env/copper/scrap_pile3.tscn" type="PackedScene" id=66]
[ext_resource path="res://entities/env/copper/scrap_pile4.tscn" type="PackedScene" id=67]
[ext_resource path="res://entities/env/copper/scrap_pile1.tscn" type="PackedScene" id=68]
[ext_resource path="res://entities/env/copper/scrap4.tscn" type="PackedScene" id=69]
[ext_resource path="res://entities/env/copper/c_table.tscn" type="PackedScene" id=70]
[ext_resource path="res://entities/env/copper/scrap_pile2.tscn" type="PackedScene" id=71]
[ext_resource path="res://entities/env/ancient/ascrap1.tscn" type="PackedScene" id=72]
[ext_resource path="res://entities/env/ancient/bobble.tscn" type="PackedScene" id=73]
[ext_resource path="res://entities/env/stone/rock_kinematic.tscn" type="PackedScene" id=74]
[ext_resource path="res://dialog/main/jackie_end.dialog" type="Resource" id=76]

[sub_resource type="ShaderMaterial" id=270]
shader = ExtResource( 55 )
shader_param/subsurface_scattering = -1.0
shader_param/softness = 1.0
shader_param/specularity = 2.876
shader_param/alpha_clip = 0.502
shader_param/main_texture = ExtResource( 26 )

[sub_resource type="ShaderMaterial" id=271]
shader = ExtResource( 57 )
shader_param/uv_scale = 1.0
shader_param/power = 5.0
shader_param/softness = 0.5
shader_param/specularity = 1.0
shader_param/light_bias = 0.0
shader_param/wall = ExtResource( 58 )
shader_param/ground = ExtResource( 58 )
shader_param/ceiling = ExtResource( 58 )

[sub_resource type="SphereShape" id=274]
radius = 19.9496

[sub_resource type="NavigationMesh" id=276]
vertices = PoolVector3Array( -2.73226, 8.11645, -6.38457, -2.73226, 8.11645, -15.8846, -9.73226, 8.11645, -15.8846, -9.73226, 8.11645, -6.38457, -4.13226, 8.11645, -6.38457, -4.13226, 8.11645, -15.8846, -9.73226, 8.11645, -6.38457, -9.73226, 8.11645, 3.36543, -2.73226, 8.11645, 3.36543, -2.73226, 8.11645, -6.38457, -4.13226, 8.11645, -6.38457, -4.13226, 8.11645, 3.36543, -9.23226, 1.11645, -15.3846, -9.23226, 1.11645, -8.13457, -3.23226, 1.11645, -8.13457, -3.23226, 1.11645, -15.3846, -6.23226, -2.38355, -7.38457, -5.98226, -2.38355, -7.38457, -5.73226, -2.38355, -8.13457, -6.48226, -2.38355, -8.13457, -5.73226, -2.38355, -8.13457, -2.48226, -2.38355, -15.1346, -9.73226, -2.38355, -15.1346, -6.48226, -2.38355, -8.13457, -5.73226, -2.38355, -8.13457, -2.48226, -2.38355, -8.13457, -2.48226, -2.38355, -15.1346, -9.73226, -2.38355, -15.1346, -9.73226, -2.38355, -8.13457, -6.48226, -2.38355, -8.13457, -5.98226, -2.38355, -7.38457, -6.23226, -2.38355, -7.38457, -6.48226, -2.38355, -6.63457, -5.73226, -2.38355, -6.63457, -6.48226, -2.38355, -6.63457, -9.73226, -2.38355, 1.11543, -2.48226, -2.38355, 1.11543, -5.73226, -2.38355, -6.63457, -6.48226, -2.38355, -6.63457, -9.73226, -2.38355, -6.63457, -9.73226, -2.38355, 1.11543, -2.48226, -2.38355, 1.11543, -2.48226, -2.38355, -6.63457, -5.73226, -2.38355, -6.63457, -0.982256, 1.36645, -6.88457, -0.982256, 1.36645, 3.36543, 4.51774, 1.36645, 3.36543, 4.51774, 1.36645, -6.88457, -0.982256, -2.38355, -6.63457, -0.982256, -2.38355, 2.61543, 3.76774, -2.38355, 2.61543, 3.76774, -2.38355, -6.63457, -9.23226, 1.11645, 2.11543, -9.23226, 1.11645, 2.61543, -3.23226, 1.11645, 2.61543, -3.23226, 1.11645, 2.11543 )
polygons = [ PoolIntArray( 0, 4, 1 ), PoolIntArray( 1, 4, 5 ), PoolIntArray( 5, 4, 3 ), PoolIntArray( 5, 3, 2 ), PoolIntArray( 9, 8, 10 ), PoolIntArray( 10, 8, 11 ), PoolIntArray( 10, 11, 7 ), PoolIntArray( 10, 7, 6 ), PoolIntArray( 15, 14, 12 ), PoolIntArray( 12, 14, 13 ), PoolIntArray( 16, 19, 17 ), PoolIntArray( 17, 19, 18 ), PoolIntArray( 23, 22, 20 ), PoolIntArray( 20, 22, 21 ), PoolIntArray( 26, 25, 24 ), PoolIntArray( 29, 28, 27 ), PoolIntArray( 30, 33, 31 ), PoolIntArray( 31, 33, 32 ), PoolIntArray( 37, 36, 34 ), PoolIntArray( 34, 36, 35 ), PoolIntArray( 40, 39, 38 ), PoolIntArray( 43, 42, 41 ), PoolIntArray( 47, 46, 44 ), PoolIntArray( 44, 46, 45 ), PoolIntArray( 51, 50, 48 ), PoolIntArray( 48, 50, 49 ), PoolIntArray( 55, 54, 52 ), PoolIntArray( 52, 54, 53 ) ]
geometry_source_geometry_mode = 1
agent_height = 2.75
agent_radius = 0.3
agent_max_climb = 1.0
agent_max_slope = 88.54

[sub_resource type="Animation" id=277]
resource_name = "Activate"
length = 3.0
tracks/0/type = "value"
tracks/0/path = NodePath("../../medium/door1-kine:translation")
tracks/0/interp = 1
tracks/0/loop_wrap = true
tracks/0/imported = false
tracks/0/enabled = true
tracks/0/keys = {
"times": PoolRealArray( 0, 3 ),
"transitions": PoolRealArray( 0.31864, 1 ),
"update": 0,
"values": [ Vector3( 2.71971, 2.63217, 5.25331 ), Vector3( 2.71971, 0.271927, 5.25331 ) ]
}
tracks/1/type = "value"
tracks/1/path = NodePath("../../medium/door3-kine:translation")
tracks/1/interp = 1
tracks/1/loop_wrap = true
tracks/1/imported = false
tracks/1/enabled = true
tracks/1/keys = {
"times": PoolRealArray( 0, 3 ),
"transitions": PoolRealArray( 0.329877, 1 ),
"update": 0,
"values": [ Vector3( -1.14111, 2.62614, -2.49102 ), Vector3( -1.14111, 0.311478, -2.49102 ) ]
}
tracks/2/type = "value"
tracks/2/path = NodePath("../../medium/door2-kine:translation")
tracks/2/interp = 1
tracks/2/loop_wrap = true
tracks/2/imported = false
tracks/2/enabled = true
tracks/2/keys = {
"times": PoolRealArray( 0, 3 ),
"transitions": PoolRealArray( 0.378929, 1 ),
"update": 0,
"values": [ Vector3( -5.5153, 2.6181, 3.58686 ), Vector3( -5.5153, 0.327408, 3.58686 ) ]
}

[sub_resource type="Animation" id=279]
resource_name = "Deactivate"
length = 1.2
tracks/0/type = "value"
tracks/0/path = NodePath("../../medium/door1-kine:translation")
tracks/0/interp = 1
tracks/0/loop_wrap = true
tracks/0/imported = false
tracks/0/enabled = true
tracks/0/keys = {
"times": PoolRealArray( 0, 1.2 ),
"transitions": PoolRealArray( 0.353553, 1 ),
"update": 0,
"values": [ Vector3( 2.71971, 0.271927, 5.25331 ), Vector3( 2.71971, 2.63217, 5.25331 ) ]
}
tracks/1/type = "value"
tracks/1/path = NodePath("../../medium/door2-kine:translation")
tracks/1/interp = 1
tracks/1/loop_wrap = true
tracks/1/imported = false
tracks/1/enabled = true
tracks/1/keys = {
"times": PoolRealArray( 0, 1.1 ),
"transitions": PoolRealArray( 0.406126, 1 ),
"update": 0,
"values": [ Vector3( -5.5153, 0.327408, 3.58686 ), Vector3( -5.5153, 2.6181, 3.58686 ) ]
}
tracks/2/type = "value"
tracks/2/path = NodePath("../../medium/door3-kine:translation")
tracks/2/interp = 1
tracks/2/loop_wrap = true
tracks/2/imported = false
tracks/2/enabled = true
tracks/2/keys = {
"times": PoolRealArray( 0, 1 ),
"transitions": PoolRealArray( 0.307786, 1 ),
"update": 0,
"values": [ Vector3( -1.14111, 0.311478, -2.49102 ), Vector3( -1.14111, 2.62614, -2.49102 ) ]
}

[sub_resource type="Animation" id=278]
length = 0.001
tracks/0/type = "value"
tracks/0/path = NodePath("../../medium/door1-kine:translation")
tracks/0/interp = 1
tracks/0/loop_wrap = true
tracks/0/imported = false
tracks/0/enabled = true
tracks/0/keys = {
"times": PoolRealArray( 0 ),
"transitions": PoolRealArray( 1 ),
"update": 0,
"values": [ Vector3( 2.71971, 2.63217, 5.25331 ) ]
}
tracks/1/type = "value"
tracks/1/path = NodePath("../../medium/door3-kine:translation")
tracks/1/interp = 1
tracks/1/loop_wrap = true
tracks/1/imported = false
tracks/1/enabled = true
tracks/1/keys = {
"times": PoolRealArray( 0 ),
"transitions": PoolRealArray( 1 ),
"update": 0,
"values": [ Vector3( -1.14111, 2.62614, -2.49102 ) ]
}
tracks/2/type = "value"
tracks/2/path = NodePath("../../medium/door2-kine:translation")
tracks/2/interp = 1
tracks/2/loop_wrap = true
tracks/2/imported = false
tracks/2/enabled = true
tracks/2/keys = {
"times": PoolRealArray( 0 ),
"transitions": PoolRealArray( 1 ),
"update": 0,
"values": [ Vector3( -5.5153, 2.6181, 3.58686 ) ]
}

[sub_resource type="BoxShape" id=259]
extents = Vector3( 3.12602, 2.09681, 1 )

[sub_resource type="BoxShape" id=272]
extents = Vector3( 18.5566, 18.4452, 27.3279 )

[sub_resource type="BoxShape" id=273]
extents = Vector3( 6.1589, 5.35991, 4.74683 )

[sub_resource type="BoxShape" id=262]
extents = Vector3( 9.25974, 2.62014, 2.34377 )

[sub_resource type="CubeMesh" id=280]
material = ExtResource( 10 )
size = Vector3( 0.5, 0.5, 0.5 )

[sub_resource type="Animation" id=260]
resource_name = "Activate"
length = 8.0
tracks/0/type = "value"
tracks/0/path = NodePath(".:translation")
tracks/0/interp = 1
tracks/0/loop_wrap = true
tracks/0/imported = false
tracks/0/enabled = true
tracks/0/keys = {
"times": PoolRealArray( 0, 1, 2, 4, 6, 8 ),
"transitions": PoolRealArray( 1, 1, 1, 1, 1, 1 ),
"update": 0,
"values": [ Vector3( -237.056, -218.035, -83.3147 ), Vector3( -234.07, -211.081, -88.3814 ), Vector3( -232.252, -204.126, -92.9398 ), Vector3( -229.88, -190.218, -98.9951 ), Vector3( -228.676, -176.309, -102.203 ), Vector3( -228.201, -162.4, -103.425 ) ]
}
tracks/1/type = "value"
tracks/1/path = NodePath(".:rotation_degrees")
tracks/1/interp = 1
tracks/1/loop_wrap = true
tracks/1/imported = false
tracks/1/enabled = true
tracks/1/keys = {
"times": PoolRealArray( 0, 1, 2, 4, 6, 8 ),
"transitions": PoolRealArray( 1, 1, 1, 1, 1, 1 ),
"update": 0,
"values": [ Vector3( 0, -122.315, 0 ), Vector3( 0, -117.701, 0 ), Vector3( 0, -115.43, 0 ), Vector3( 0, -111.904, 0 ), Vector3( 0, -116.064, 0 ), Vector3( 0, -120.223, 0 ) ]
}

[sub_resource type="Animation" id=261]
length = 0.001
tracks/0/type = "value"
tracks/0/path = NodePath(".:translation")
tracks/0/interp = 1
tracks/0/loop_wrap = true
tracks/0/imported = false
tracks/0/enabled = true
tracks/0/keys = {
"times": PoolRealArray( 0 ),
"transitions": PoolRealArray( 1 ),
"update": 0,
"values": [ Vector3( -237.056, -218.035, -83.3147 ) ]
}
tracks/1/type = "value"
tracks/1/path = NodePath(".:rotation_degrees")
tracks/1/interp = 1
tracks/1/loop_wrap = true
tracks/1/imported = false
tracks/1/enabled = true
tracks/1/keys = {
"times": PoolRealArray( 0 ),
"transitions": PoolRealArray( 1 ),
"update": 0,
"values": [ Vector3( 0, -122.315, 0 ) ]
}

[sub_resource type="OccluderShapePolygon" id=263]
polygon_points = PoolVector2Array( 141.68, -113.101, 88.7279, 18.4084, -117.586, -18.3186, -109.166, -90.4652, -5.99673, 33.6345 )

[sub_resource type="OccluderShapePolygon" id=266]
polygon_points = PoolVector2Array( 177.138, -444.604, 114.369, -19.2141, -34.3827, 23.4342, -134.662, -86.6232, 98.2208, 21.1131 )

[sub_resource type="OccluderShapePolygon" id=264]
polygon_points = PoolVector2Array( 279.692, -233.021, 235.474, 54.6092, -65.3707, 32.8862, -249.044, -133.066 )

[node name="chunk124" instance=ExtResource( 3 )]
script = ExtResource( 2 )

[node name="medium" parent="." index="0" groups=["navmesh"]]
layers = 5
material/0 = ExtResource( 10 )
material/1 = ExtResource( 7 )

[node name="door1-kine" parent="medium" index="0"]
transform = Transform( 1, 0, 0, 0, 1, 0, 0, 0, 1, 2.71971, 2.63217, 5.25331 )
__meta__ = {
"_edit_group_": true
}

[node name="mesh" parent="medium/door1-kine" index="0"]
material/0 = ExtResource( 10 )
material/1 = ExtResource( 7 )

[node name="door2-kine" parent="medium" index="1"]
transform = Transform( 1, 0, 0, 0, 1, 0, 0, 0, 1, -5.5153, 2.6181, 3.58686 )
__meta__ = {
"_edit_group_": true
}

[node name="mesh" parent="medium/door2-kine" index="0"]
material/0 = ExtResource( 10 )
material/1 = ExtResource( 7 )

[node name="door3-kine" parent="medium" index="2"]
transform = Transform( 1, 0, 0, 0, 1, 0, 0, 0, 1, -1.14111, 2.62614, -2.49102 )
__meta__ = {
"_edit_group_": true
}

[node name="mesh" parent="medium/door3-kine" index="0"]
material/0 = ExtResource( 10 )
material/1 = ExtResource( 7 )

[node name="mesh" parent="medium/door_hidden-kine" index="0"]
material/0 = ExtResource( 10 )

[node name="stairs" parent="medium" index="4"]
material/0 = ExtResource( 10 )
material/1 = ExtResource( 7 )

[node name="StaticBody" parent="medium" index="5"]
collision_layer = 257

[node name="rail" parent="." index="1"]
material/0 = ExtResource( 25 )

[node name="entry" parent="." index="2"]
material/0 = ExtResource( 56 )

[node name="StaticBody" parent="entry" index="0"]
collision_layer = 257

[node name="fence" parent="." index="3"]
material/0 = SubResource( 270 )
material/1 = SubResource( 271 )

[node name="StaticBody" parent="fence" index="0"]
collision_layer = 16
collision_mask = 10

[node name="wall" parent="." index="4"]
material/0 = ExtResource( 56 )

[node name="StaticBody" parent="wall" index="0"]
collision_layer = 257

[node name="fence2" parent="." index="5"]
material/0 = SubResource( 270 )

[node name="zone_pallace" type="Spatial" parent="." index="6"]
transform = Transform( 1, 0, 0, 0, 1, 0, 0, 0, 1, 156.818, -240.56, -54.8446 )

[node name="palace1" parent="zone_pallace" index="0" instance=ExtResource( 1 )]
transform = Transform( -0.807444, 0, 0.589944, 0.0384403, 0.997875, 0.0526125, -0.58869, 0.0651593, -0.805728, 7.1944, -10.9601, 0.079258 )

[node name="scrap5" parent="zone_pallace/palace1" index="1" instance=ExtResource( 29 )]
transform = Transform( -0.631883, -0.753294, 0.182409, -0.774907, 0.609256, -0.168314, 0.0156556, -0.247705, -0.96871, -5.44281, 19.1552, -8.72928 )

[node name="scrap12" parent="zone_pallace/palace1" index="2" instance=ExtResource( 29 )]
transform = Transform( -0.631883, 0.534619, 0.561167, -0.774908, -0.450392, -0.443474, 0.0156559, -0.715076, 0.698874, -4.78368, 18.9709, -8.23885 )

[node name="scrap6" parent="zone_pallace/palace1" index="3" instance=ExtResource( 29 )]
transform = Transform( -0.0411241, -0.984222, 0.172098, -0.998285, 0.0476647, 0.0340342, -0.0417002, -0.170403, -0.984493, 0.920898, 8.13367, 1.39996 )

[node name="scrap7" parent="zone_pallace/palace1" index="4" instance=ExtResource( 29 )]
transform = Transform( -0.160198, 0.431299, 0.887876, -0.976992, 0.059037, -0.204955, -0.140812, -0.900278, 0.411916, 4.89616, 8.07495, -0.393585 )

[node name="scrap1" parent="zone_pallace/palace1" index="5" instance=ExtResource( 27 )]
transform = Transform( 0.998346, -0.0572635, 0.00513482, 0.0574801, 0.992226, -0.110392, 0.00122619, 0.110505, 0.993875, 0.0936356, 6.7043, -6.55795 )

[node name="scrap4" parent="zone_pallace/palace1" index="6" instance=ExtResource( 27 )]
transform = Transform( 0.85252, -0.449305, -0.267093, 0.493326, 0.522757, 0.695239, -0.172749, -0.724468, 0.667313, 4.81256, 11.9885, -1.28956 )

[node name="scrap2" parent="zone_pallace/palace1" index="7" instance=ExtResource( 27 )]
transform = Transform( 0.999092, 0.0425504, -0.00268716, -0.042571, 0.992158, -0.117534, -0.002336, 0.117541, 0.993066, 0.71035, 13.1229, 1.93697 )

[node name="palace_roof1" parent="zone_pallace/palace1" index="8" instance=ExtResource( 30 )]
transform = Transform( 0.999993, -0.00349697, 0.00244513, 0.00356657, 0.999585, -0.0287157, -0.00234541, 0.0287248, 0.999586, -0.6082, 35.616, 0.48436 )

[node name="scrap8" parent="zone_pallace/palace1" index="9" instance=ExtResource( 27 )]
transform = Transform( 0.333211, 0.11325, -0.936028, 0.10791, -0.990821, -0.081465, -0.936659, -0.0738621, -0.34237, 0.372597, 25.0335, -8.23769 )

[node name="scrap13" parent="zone_pallace/palace1" index="10" instance=ExtResource( 27 )]
transform = Transform( -0.976954, -0.0447961, 0.208704, 0.0231595, -0.994208, -0.104984, 0.212197, -0.0977313, 0.972329, 0.188271, 21.4249, -6.5466 )

[node name="scrap9" parent="zone_pallace/palace1" index="11" instance=ExtResource( 27 )]
transform = Transform( 0.290162, 0.220149, -0.931314, -0.250962, -0.92162, -0.296047, -0.923488, 0.319625, -0.212166, -1.29044, 29.8692, -0.619751 )

[node name="scrap3" parent="zone_pallace/palace1" index="12" instance=ExtResource( 27 )]
transform = Transform( -0.869622, 0.430156, 0.242335, 0.493435, 0.740561, 0.456174, 0.0167626, 0.516276, -0.85626, -10.8475, 14.131, -8.74052 )

[node name="palace2" parent="zone_pallace/palace1" index="13" instance=ExtResource( 28 )]
transform = Transform( -0.999325, 0.00840165, 0.0357831, 0.00880715, 0.9999, 0.0111915, -0.0356851, 0.0114992, -0.999297, 0.886368, 19.1185, 0.192413 )

[node name="scrap10" parent="zone_pallace/palace1" index="14" instance=ExtResource( 29 )]
transform = Transform( -0.151697, -0.69461, 0.703213, 0.975838, -0.218441, -0.00526088, 0.157264, 0.685424, 0.710961, -1.45215, 30.3568, -0.036705 )

[node name="scrap11" parent="zone_pallace/palace1" index="15" instance=ExtResource( 29 )]
transform = Transform( -0.129121, 0.450854, 0.883212, 0.925076, 0.375567, -0.0564748, -0.357167, 0.809744, -0.465566, -1.27311, 32.5612, -1.6475 )

[node name="hut2" parent="zone_pallace" index="1" instance=ExtResource( 4 )]
transform = Transform( 0.99245, -0.122649, 0, 0.122649, 0.99245, 0, 0, 0, 1, -117.523, -11.1081, 3.32786 )

[node name="hut3" parent="zone_pallace" index="2" instance=ExtResource( 4 )]
transform = Transform( -0.560408, -0.190433, 0.806026, 0, 0.973207, 0.229931, -0.828217, 0.128855, -0.545393, 8.96541, -15.7531, 57.8425 )

[node name="fountain" parent="zone_pallace" index="3" instance=ExtResource( 33 )]
transform = Transform( 1, 0, 0, 0, 0.990249, 0.139311, 0, -0.139311, 0.990249, 51.0354, -9.59612, 36.504 )

[node name="pillar" parent="zone_pallace" index="4" instance=ExtResource( 31 )]
transform = Transform( 0.995054, 0.0469804, -0.0875271, -0.0420057, 0.997442, 0.0578369, 0.0900203, -0.0538743, 0.994482, -77.7352, -1.66011, 7.13026 )

[node name="pillar4" parent="zone_pallace" index="5" instance=ExtResource( 31 )]
transform = Transform( 0.940578, -0.323683, -0.102676, 0.327428, 0.944631, 0.0215349, 0.0900203, -0.0538743, 0.994482, 52.5044, -0.471008, 0.115658 )

[node name="pillar3" parent="zone_pallace" index="6" instance=ExtResource( 31 )]
transform = Transform( 0.995054, 0.0469804, -0.0875271, -0.0420057, 0.997442, 0.0578369, 0.0900203, -0.0538743, 0.994482, -77.7352, -7.85411, 28.8053 )

[node name="pillar2" parent="zone_pallace" index="7" instance=ExtResource( 31 )]
transform = Transform( -0.908022, -0.203134, -0.366377, -0.366355, 0.809206, 0.459313, 0.203173, 0.551291, -0.809197, -77.7352, -1.66011, -7.55234 )

[node name="hut4" parent="zone_pallace" index="8" instance=ExtResource( 4 )]
transform = Transform( 1, 0, 0, 0, 0.87925, 0.476361, 0, -0.476361, 0.87925, -14.5926, -12.2521, 38.1287 )

[node name="hut5" parent="zone_pallace" index="9" instance=ExtResource( 4 )]
transform = Transform( 0.0409576, 0.602597, 0.796994, -0.0896038, 0.796664, -0.597744, -0.995135, -0.0469315, 0.0866245, -19.7966, -12.8271, 58.2865 )

[node name="hut6" parent="zone_pallace" index="10" instance=ExtResource( 4 )]
transform = Transform( 0.0891172, -0.0539169, 0.994561, -0.0420057, 0.997442, 0.0578369, -0.995135, -0.0469315, 0.0866245, -128.527, -16.3911, 29.2389 )

[node name="ruin1" parent="zone_pallace" index="11" instance=ExtResource( 32 )]
transform = Transform( 0.995054, 0.0469804, -0.0875271, -0.0420057, 0.997442, 0.0578369, 0.0900204, -0.0538743, 0.994482, -96.4165, -10.5291, 25.9566 )

[node name="ruin2" parent="zone_pallace" index="12" instance=ExtResource( 32 )]
transform = Transform( 0.995054, 0.0469804, -0.0875271, -0.0420057, 0.997442, 0.0578369, 0.0900204, -0.0538743, 0.994482, -158.697, 8.19089, -13.0256 )

[node name="rock23" parent="zone_pallace" index="13" instance=ExtResource( 15 )]
transform = Transform( 1, 0, 0, 0, 1, 0, 0, 0, 1, -157.309, 2.1619, -12.3082 )

[node name="rock24" parent="zone_pallace" index="14" instance=ExtResource( 15 )]
transform = Transform( 1, 0, 0, 0, 1, 0, 0, 0, 1, -160.504, 0.516891, -8.91734 )

[node name="rock25" parent="zone_pallace" index="15" instance=ExtResource( 15 )]
transform = Transform( -0.10781, 0.500997, 0.858708, 0.0624099, 0.865449, -0.497095, -0.992211, 0, -0.124571, -157.954, 1.5739, -16.3009 )

[node name="rock6" parent="zone_pallace" index="16" instance=ExtResource( 15 )]
transform = Transform( -0.292652, -0.673215, 0.67907, 0.279785, -0.739368, -0.612417, 0.914371, 0.0107682, 0.404734, -147.835, -5.168, 164.607 )

[node name="rock3" parent="zone_pallace" index="17" instance=ExtResource( 52 )]
transform = Transform( 0.751996, -0.659168, 2.65416e-08, -0.200124, -0.228307, -0.952799, 0.628055, 0.716501, -0.303601, -167.227, 4.711, 208.408 )

[node name="rock4" parent="zone_pallace" index="18" instance=ExtResource( 52 )]
transform = Transform( 1, 0, 0, 0, -0.493746, -0.869606, 0, 0.869606, -0.493746, -181.371, -2.64799, 179.986 )

[node name="rock2" parent="zone_pallace" index="19" instance=ExtResource( 24 )]
transform = Transform( 1, 0, 0, 0, 1, 0, 0, 0, 1, -152.501, 1.58099, 186.022 )

[node name="rock5" parent="zone_pallace" index="20" instance=ExtResource( 24 )]
transform = Transform( -0.232403, 2.98023e-08, 0.97262, 0.82125, -0.535761, 0.196234, 0.521092, 0.84437, 0.124513, -169.19, 0.966995, 166.09 )

[node name="rock1" parent="zone_pallace" index="21" instance=ExtResource( 15 )]
transform = Transform( 1, 0, 0, 0, 0.915428, -0.402482, 0, 0.402482, 0.915428, -139.391, 7.953, 203.844 )

[node name="zone_village" type="Spatial" parent="." index="7"]
transform = Transform( 1, 0, 0, 0, 1, 0, 0, 0, 1, -206.564, -223.545, -11.3175 )

[node name="hut" parent="zone_village" index="0" instance=ExtResource( 4 )]
transform = Transform( -0.965926, 0, -0.258819, 0, 1, 0, 0.258819, 0, -0.965926, -13.436, -7.33182, 25.3175 )

[node name="rock31" parent="zone_village" index="1" instance=ExtResource( 15 )]
transform = Transform( 0.0453978, -0.872481, -0.486535, 0.998969, 0.0396496, 0.0221104, -1.49012e-08, -0.487037, 0.873381, -34.669, -1.35382, -65.5622 )

[node name="wall1" parent="zone_village" index="2" instance=ExtResource( 38 )]
transform = Transform( 0.996535, 0, 0.0831735, 0, 1, 0, -0.0831735, 0, 0.996535, -42.491, -7.75381, 34.2805 )

[node name="target" parent="zone_village" index="3" instance=ExtResource( 48 )]
transform = Transform( 1, 0, 0, 0, 1, 0, 0, 0, 1, -2.86996, -2.07481, -34.3901 )

[node name="target2" parent="zone_village" index="4" instance=ExtResource( 48 )]
transform = Transform( -0.998095, 0, -0.061693, 0, 1, 0, 0.061693, 0, -0.998095, -7.63496, -2.67482, -34.9989 )

[node name="target3" parent="zone_village" index="5" instance=ExtResource( 48 )]
transform = Transform( 1, 0, 0, 0, 1, 0, 0, 0, 1, -13.226, -2.57281, -35.1901 )

[node name="rock28" parent="zone_village" index="6" instance=ExtResource( 15 )]
transform = Transform( 0.857751, 0.514065, -7.66017e-09, -0.146045, 0.243686, -0.958795, -0.492883, 0.822407, 0.284099, -31.991, 53.9242, -96.1515 )

[node name="rock27" parent="zone_village" index="7" instance=ExtResource( 15 )]
transform = Transform( 0.932096, 0, 0.36221, 0, 1, 0, -0.36221, 0, 0.932096, -39.6, 30.8582, -92.4965 )

[node name="rock29" parent="zone_village" index="8" instance=ExtResource( 52 )]
transform = Transform( 0.579011, 0, 0.81532, 0, 1, 0, -0.81532, 0, 0.579011, -40.47, 60.6542, -104.883 )

[node name="rock30" parent="zone_village" index="9" instance=ExtResource( 15 )]
transform = Transform( 0.107028, -3.72529e-09, -0.994256, 0.381239, 0.923565, 0.0410388, 0.91826, -0.383441, 0.098847, -33.331, 64.9002, -93.3435 )

[node name="pillar6" parent="zone_village" index="10" instance=ExtResource( 31 )]
transform = Transform( 0.353297, 0.534468, -0.767806, 0.902932, 0.0198954, 0.429323, 0.244735, -0.844955, -0.475559, -20.655, 68.0152, -94.0185 )

[node name="hut_bath" parent="zone_village" index="11" instance=ExtResource( 37 )]
transform = Transform( 0.354732, 0, -0.934968, 0, 1, 0, 0.934968, 0, 0.354732, -27.787, -6.15681, 27.8693 )

[node name="pillar5" parent="zone_village" index="12" instance=ExtResource( 31 )]
transform = Transform( 0.0167477, -0.999826, -0.00822058, 0.897533, 0.0186565, -0.440552, 0.440629, 2.98023e-08, 0.897689, 2.08205, -4.50282, -34.4595 )

[node name="rock1" parent="zone_village" index="13" instance=ExtResource( 15 )]
transform = Transform( 1, 0, 0, 0, 0.947311, 0.320315, 0, -0.320315, 0.947311, -34.433, -4.98112, -50.6721 )

[node name="active_entities" type="Spatial" parent="." index="8"]

[node name="zone_palace" type="MultiMeshSystem" parent="active_entities" index="0"]
transform = Transform( -0.807444, 2.19771e-09, 0.589944, 0.0384403, 0.997875, 0.0526125, -0.58869, 0.0651593, -0.805728, 164.012, -251.52, -54.7653 )

[node name="deathgnat2" parent="active_entities/zone_palace" index="0" instance=ExtResource( 19 )]
transform = Transform( 0.0376796, 0.0384404, -0.998551, -0.0540615, 0.997876, 0.0363744, 0.997827, 0.0526126, 0.0396777, 17.0008, 18.5818, 0.252335 )
speed = 0.0

[node name="custom_awareness" type="Area" parent="active_entities/zone_palace/deathgnat2" index="8"]
collision_layer = 0
collision_mask = 6

[node name="CollisionShape" type="CollisionShape" parent="active_entities/zone_palace/deathgnat2/custom_awareness" index="0"]
transform = Transform( 1, -1.77636e-15, -2.98023e-08, -3.55271e-15, 1, 0, 2.98023e-08, 8.88178e-16, 1, 0, 0, 18.6886 )
shape = SubResource( 274 )

[node name="crawly2" parent="active_entities/zone_palace" index="1" instance=ExtResource( 23 )]
transform = Transform( -0.98041, 0.0384404, -0.193183, 0.027484, 0.997875, 0.0590794, 0.195044, 0.0526125, -0.979383, 5.51795, 37.4909, 10.4599 )
respawns = false
drops_coat = true
minimum_rarity = 1
health = 75
attack_damage = 15

[node name="OmniLight2" type="SpotLight" parent="active_entities/zone_palace" index="2"]
transform = Transform( -0.807444, 0.588691, 0.0384404, -2.6077e-08, -0.0651593, 0.997875, 0.589944, 0.805728, 0.0526125, 0.925285, 38.0824, 1.29822 )
light_color = Color( 0.592157, 0.592157, 0.592157, 1 )
light_negative = true
spot_range = 24.159
spot_attenuation = 0.812252
spot_angle = 83.8809
spot_angle_attenuation = 1.7411

[node name="OmniLight3" type="SpotLight" parent="active_entities/zone_palace" index="3"]
transform = Transform( 0.807444, 0.588691, -0.0384404, 3.17735e-08, -0.0651593, -0.997875, -0.589944, 0.805728, -0.0526125, 0.495323, 3.86018, 0.50293 )
light_color = Color( 0.592157, 0.592157, 0.592157, 1 )
light_negative = true
spot_range = 18.2014
spot_attenuation = 0.466516
spot_angle = 89.99
spot_angle_attenuation = 111.43

[node name="gem_pickup" parent="active_entities/zone_palace" index="4" instance=ExtResource( 20 )]
transform = Transform( -0.807444, 0.0384404, -0.588691, -2.6077e-08, 0.997875, 0.0651593, 0.589944, 0.0526125, -0.805728, -21.2724, 3.6593, 4.19389 )

[node name="gem_pickup2" parent="active_entities/zone_palace" index="5" instance=ExtResource( 20 )]
transform = Transform( -0.807444, 0.0384404, -0.588691, -2.6077e-08, 0.997875, 0.0651593, 0.589944, 0.0526125, -0.805728, -18.4604, 4.8479, 4.09573 )

[node name="bug_pickup" parent="active_entities/zone_palace" index="6" instance=ExtResource( 14 )]
transform = Transform( -0.807444, 0.0384404, -0.588691, -2.67427e-08, 0.997875, 0.0651593, 0.589944, 0.0526125, -0.805728, -29.379, 26.4235, 25.9028 )

[node name="gem_pickup3" parent="active_entities/zone_palace" index="7" instance=ExtResource( 20 )]
transform = Transform( -0.807444, 0.0384404, -0.588691, -2.6077e-08, 0.997875, 0.0651593, 0.589944, 0.0526125, -0.805728, -59.0544, 5.44189, -4.29433 )

[node name="bug_pickup2" parent="active_entities/zone_palace" index="8" instance=ExtResource( 14 )]
transform = Transform( -0.807444, 0.0384404, -0.588691, -2.6077e-08, 0.997875, 0.0651593, 0.589944, 0.0526125, -0.805728, 99.6835, 4.04971, -76.7353 )

[node name="gem_pickup4" parent="active_entities/zone_palace" index="9" instance=ExtResource( 20 )]
transform = Transform( -0.807444, 0.0384404, -0.588691, -2.6077e-08, 0.997875, 0.0651593, 0.589944, 0.0526125, -0.805728, -7.26716, 4.50653, -42.8929 )

[node name="bug_pickup3" parent="active_entities/zone_palace" index="10" instance=ExtResource( 14 )]
transform = Transform( -0.807444, 0.0384404, -0.588691, -2.6077e-08, 0.997875, 0.0651593, 0.589944, 0.0526125, -0.805728, 3.21222, 37.093, 10.8351 )

[node name="bug_pickup4" parent="active_entities/zone_palace" index="11" instance=ExtResource( 14 )]
transform = Transform( -0.807444, 0.0384404, -0.588691, -2.6077e-08, 0.997875, 0.0651593, 0.589944, 0.0526125, -0.805728, 3.29144, 37.0338, 9.75577 )

[node name="bug_pickup5" parent="active_entities/zone_palace" index="12" instance=ExtResource( 14 )]
transform = Transform( -0.807444, 0.0384404, -0.588691, -2.6077e-08, 0.997875, 0.0651593, 0.589944, 0.0526125, -0.805728, 2.46677, 37.056, 10.1565 )

[node name="gem_pickup5" parent="active_entities/zone_palace" index="13" instance=ExtResource( 20 )]
transform = Transform( -0.807444, 0.0384404, -0.588691, -2.6077e-08, 0.997875, 0.0651593, 0.589944, 0.0526125, -0.805728, -9.99287, 23.5486, -2.79103 )

[node name="gem_pickup6" parent="active_entities/zone_palace" index="14" instance=ExtResource( 20 )]
transform = Transform( -0.807444, 0.0384404, -0.588691, -2.6077e-08, 0.997875, 0.0651593, 0.589944, 0.0526125, -0.805728, -0.262283, 20.0847, -4.91396 )

[node name="gem_pickup7" parent="active_entities/zone_palace" index="15" instance=ExtResource( 20 )]
transform = Transform( -0.807444, 0.0384404, -0.588691, -2.6077e-08, 0.997875, 0.0651593, 0.589944, 0.0526125, -0.805728, 16.1108, 16.1413, -7.73665 )

[node name="gem_pickup8" parent="active_entities/zone_palace" index="16" instance=ExtResource( 20 )]
transform = Transform( -0.807444, 0.0384404, -0.588691, -2.6077e-08, 0.997875, 0.0651593, 0.589944, 0.0526125, -0.805728, 14.9215, 16.1413, 8.62019 )

[node name="gem_pickup9" parent="active_entities/zone_palace" index="17" instance=ExtResource( 20 )]
transform = Transform( -0.807444, 0.0384404, -0.588691, -2.6077e-08, 0.997875, 0.0651593, 0.589944, 0.0526125, -0.805728, -2.16638, 16.1413, 16.1464 )

[node name="gem_pickup10" parent="active_entities/zone_palace" index="18" instance=ExtResource( 20 )]
transform = Transform( -0.807444, 0.0384404, -0.588691, -2.6077e-08, 0.997875, 0.0651593, 0.589944, 0.0526125, -0.805728, -14.8812, 16.1413, 4.26109 )

[node name="gem_pickup11" parent="active_entities/zone_palace" index="19" instance=ExtResource( 20 )]
transform = Transform( -0.807444, 0.0384404, -0.588691, -2.6077e-08, 0.997875, 0.0651593, 0.589944, 0.0526125, -0.805728, -14.9249, 16.1413, -4.95558 )

[node name="gem_pickup12" parent="active_entities/zone_palace" index="20" instance=ExtResource( 20 )]
transform = Transform( -0.807444, 0.0384404, -0.588691, -2.6077e-08, 0.997875, 0.0651593, 0.589944, 0.0526125, -0.805728, 11.1025, 16.1413, -13.4366 )

[node name="bug_pickup6" parent="active_entities/zone_palace" index="21" instance=ExtResource( 14 )]
transform = Transform( -0.807444, 0.0384404, -0.588691, -2.6077e-08, 0.997875, 0.0651593, 0.589944, 0.0526125, -0.805728, -3.82571, 31.6961, 11.2371 )

[node name="the_medium" type="Spatial" parent="active_entities" index="1"]
transform = Transform( 1, 0, 0, 0, 1, 0, 0, 0, 1, -231.618, -225.576, -40.6129 )
script = ExtResource( 16 )

[node name="illusory_room" parent="active_entities/the_medium" index="0" instance=ExtResource( 6 )]
transform = Transform( 1, 0, 0, 0, 1, 0, 0, 0, 1, -6.12064, -1.5498, -11.746 )
preview = false

[node name="Navigation" type="Navigation" parent="active_entities/the_medium" index="1"]
visible = false

[node name="NavigationMeshInstance" type="NavigationMeshInstance" parent="active_entities/the_medium/Navigation" index="0"]
navmesh = SubResource( 276 )

[node name="epic_death_timer" type="Timer" parent="active_entities/the_medium" index="2"]
wait_time = 15.0
one_shot = true

[node name="enemy_spawn" type="Position3D" parent="active_entities/the_medium" index="3"]
transform = Transform( 0.999322, 0, -0.036845, 0, 1, 0, 0.036845, 0, 0.999322, -6.08839, 1.57053, -12.4849 )
script = ExtResource( 61 )
__meta__ = {
"_edit_group_": true
}

[node name="epic_boss" parent="active_entities/the_medium/enemy_spawn" index="0" instance=ExtResource( 46 )]
ai_state = 2
reset_on_player_death = true
navigation = NodePath("../../Navigation")
chase_speed = 4.0
lock_damage_override = true

[node name="entry_doors" type="AnimationPlayer" parent="active_entities/the_medium" index="4"]
anims/Activate = SubResource( 277 )
anims/Deactivate = SubResource( 279 )
anims/RESET = SubResource( 278 )
script = ExtResource( 8 )
required_power = 2
tracked_stat = "medium_door"

[node name="power_thing3" parent="active_entities/the_medium" index="5" instance=ExtResource( 9 )]
transform = Transform( 1, 0, 2.38419e-07, 0, 1, 0, -2.38419e-07, 0, 1, -9.70808, -3.00438, 2.59694 )

[node name="power_thing4" parent="active_entities/the_medium" index="6" instance=ExtResource( 9 )]
transform = Transform( -1, 0, -3.89414e-07, 0, 1, 0, 3.89414e-07, 0, -1, -2.87874, -3.00438, 2.59694 )
active = true
used_by_player = false

[node name="entrance" type="Area" parent="active_entities/the_medium" index="7"]
transform = Transform( 1, 0, 0, 0, 1, 0, 0, 0, 1, 1.60495, -1.69722, 1.74325 )
collision_layer = 0
collision_mask = 2

[node name="CollisionShape" type="CollisionShape" parent="active_entities/the_medium/entrance" index="0"]
transform = Transform( 1, 0, 0, 0, 1, 0, 0, 0, 1, -0.0783997, 0.57933, -1.24027 )
shape = SubResource( 259 )

[node name="ending_dialog" type="Node" parent="active_entities/the_medium" index="8"]
script = ExtResource( 49 )
dialog_sequence = ExtResource( 76 )
friendly_id = "you"

[node name="ReflectionProbe" type="ReflectionProbe" parent="active_entities/the_medium" index="9"]
transform = Transform( 1, 0, 0, 0, 0.999751, 0.0222943, 0, -0.0222943, 0.999751, -6.13683, -1.15901, 3.04195 )
extents = Vector3( 4.32759, 1.8369, 1.47578 )
origin_offset = Vector3( 0.125, 0.512725, 0 )
cull_mask = 1015807
interior_ambient_color = Color( 0.407843, 0.501961, 0.454902, 1 )

[node name="ReflectionProbe6" type="ReflectionProbe" parent="active_entities/the_medium" index="10"]
transform = Transform( -4.37222e-08, -2.4214e-13, 1, -0.0222943, 0.999751, -9.74515e-10, -0.999751, -0.0222943, -4.37114e-08, 1.78606, -1.23035, -1.98592 )
extents = Vector3( 5.55426, 2.7071, 3.66909 )
origin_offset = Vector3( 0.125, 0.512725, 0 )
cull_mask = 1015807
interior_ambient_color = Color( 0.407843, 0.501961, 0.454902, 1 )

[node name="ReflectionProbe3" type="ReflectionProbe" parent="active_entities/the_medium" index="11"]
transform = Transform( 0.984102, 0.177606, 6.93351e-11, -0.177606, 0.984102, 9.71018e-19, -6.82328e-11, -1.23144e-11, 1, -7.19742, 2.58284, -2.60026 )
extents = Vector3( 2.9807, 4.72803, 6.13835 )
origin_offset = Vector3( 0.125, 0.512725, 0 )
cull_mask = 950271
interior_enable = true
interior_ambient_color = Color( 0.407843, 0.501961, 0.454902, 1 )

[node name="ReflectionProbe4" type="ReflectionProbe" parent="active_entities/the_medium" index="12"]
transform = Transform( 0.981773, -0.190059, 0, 0.190059, 0.981773, 0, 0, 0, 1, -5.3428, 2.68327, -2.60703 )
extents = Vector3( 2.9807, 4.42483, 6.06777 )
origin_offset = Vector3( 0.125, 0.512725, 0 )
cull_mask = 950271
interior_enable = true
interior_ambient_color = Color( 0.407843, 0.501961, 0.454902, 1 )

[node name="ReflectionProbe2" type="ReflectionProbe" parent="active_entities/the_medium" index="13"]
transform = Transform( 1, 0, 0, 0, 1, 0, 0, 0, 1, -5.95918, -1.33415, -2.72358 )
extents = Vector3( 4.45783, 2.0452, 6.33943 )
origin_offset = Vector3( 0.125, 0.512725, 0 )
cull_mask = 950271
interior_enable = true
interior_ambient_color = Color( 0.203922, 0.254902, 0.227451, 1 )

[node name="ReflectionProbe5" type="ReflectionProbe" parent="active_entities/the_medium" index="14"]
transform = Transform( 1, 0, 0, 0, 1, 0, 0, 0, 1, -6.13683, 6.53227, -2.72358 )
