[gd_scene load_steps=7 format=2]

[ext_resource path="res://player/base_mesh.tscn" type="PackedScene" id=1]
[ext_resource path="res://ui/items/vis/coat.gd" type="Script" id=2]
[ext_resource path="res://material/env/ancient/metal_albedo.png" type="Texture" id=3]
[ext_resource path="res://material/triplanar_local_coords.shader" type="Shader" id=4]

[sub_resource type="ShaderMaterial" id=1]
resource_local_to_scene = true
shader = ExtResource( 4 )
shader_param/uv_scale = 0.5
shader_param/power = 5.0
shader_param/softness = 0.599
shader_param/specularity = 12.0
shader_param/light_bias = 0.14
shader_param/wall = ExtResource( 3 )
shader_param/ground = ExtResource( 3 )
shader_param/ceiling = ExtResource( 3 )

[sub_resource type="AnimationNodeStateMachinePlayback" id=2]

[node name="jackie_preview" instance=ExtResource( 1 )]
script = null

[node name="Armature" parent="." index="0"]
transform = Transform( 1, 0, 0, 0, 1, 0, 0, 0, 1, 0, -0.485731, 0 )

[node name="Skeleton" parent="Armature" index="0"]
bones/2/bound_children = [ NodePath("lumbar") ]
bones/4/bound_children = [ NodePath("chest") ]
bones/6/bound_children = [ NodePath("head") ]
bones/27/bound_children = [ NodePath("gun") ]
bones/46/bound_children = [ NodePath("handRight") ]
bones/50/bound_children = [ NodePath("coat_tails") ]
bones/56/bound_children = [ NodePath("knee_left") ]
bones/58/bound_children = [ NodePath("footLeft") ]
bones/60/bound_children = [ NodePath("knee_right") ]
bones/62/bound_children = [ NodePath("footRight") ]

[node name="coat" parent="Armature/Skeleton" index="0"]
script = ExtResource( 2 )

[node name="hover_board" parent="Armature/Skeleton" index="1"]
visible = false
material/0 = SubResource( 1 )

[node name="footLeft" parent="Armature/Skeleton" index="4"]
transform = Transform( 0.014959, 0.0328849, -0.999347, -0.764864, -0.643365, -0.0326201, -0.644018, 0.764853, 0.0155283, 0.118776, 0.108887, -0.00203503 )

[node name="footRight" parent="Armature/Skeleton" index="5"]
transform = Transform( 0.0149589, -0.0328852, 0.999347, 0.764864, -0.643365, -0.03262, 0.644018, 0.764853, 0.0155287, -0.118776, 0.108887, -0.00203507 )

[node name="chest" parent="Armature/Skeleton" index="6"]
transform = Transform( 1, -2.66454e-15, 2.38419e-07, -3.65584e-08, 0.988174, 0.153337, -2.35599e-07, -0.153337, 0.988174, 1.52796e-16, 1.01891, -0.00604917 )

[node name="head" parent="Armature/Skeleton" index="7"]
transform = Transform( 1, -4.26326e-14, -3.62377e-13, -3.30402e-13, 0.203954, -0.97898, -1.42109e-14, 0.97898, 0.203954, 5.7634e-17, 1.21111, -0.00604918 )

[node name="hair" parent="Armature/Skeleton/head" index="2"]
player_velocity_influence = false

[node name="gun" parent="Armature/Skeleton" index="8"]
transform = Transform( 0.725484, 5.96046e-08, 0.68824, 2.79397e-08, -1, -1.04308e-07, 0.68824, 1.49012e-07, -0.725483, 0.257359, 0.720005, 0.0148188 )
visible = false
script = null

[node name="handRight" parent="Armature/Skeleton" index="10"]
transform = Transform( 0.725484, 1.49012e-08, -0.68824, -1.64378e-07, -1, -1.78814e-07, -0.68824, 1.78814e-07, -0.725483, -0.247187, 0.722533, 0.0224977 )

[node name="knee_left" parent="Armature/Skeleton" index="11"]
transform = Transform( 0.00166916, 0.0519231, -0.99865, -0.0480051, -0.997495, -0.0519433, -0.998846, 0.048027, 0.000827521, 0.0866715, 0.809257, 0.014476 )

[node name="knee_right" parent="Armature/Skeleton" index="12"]
transform = Transform( 0.00166894, -0.051923, 0.99865, 0.0480051, -0.997496, -0.0519432, 0.998846, 0.0480269, 0.000827789, -0.0866715, 0.809257, 0.014476 )

[node name="coat_tails" parent="Armature/Skeleton" index="13"]
transform = Transform( 1.92244e-07, -4.03199e-08, -1, -5.96046e-08, -1, 5.07658e-08, -1, 5.96046e-08, -2.3485e-07, -0.00271823, 0.9178, 0.024401 )

[node name="lumbar" parent="Armature/Skeleton" index="14"]
transform = Transform( 1, 0, 2.38419e-07, 7.88893e-08, 0.943671, -0.330886, -2.24989e-07, 0.330886, 0.943671, -4.57904e-18, 0.84089, -0.0280461 )

[node name="anim" parent="." index="1"]
autoplay = "Sitting_Floor-loop"
script = null

[node name="AnimationTree" parent="." index="2"]
active = false
parameters/WholeBody/playback = SubResource( 2 )

[node name="drop_shadow2" parent="." index="6"]
script = null

[node name="drop_shadow" parent="." index="7"]
script = null
